timestamp,quat1,quat2
153039211584,"(0.9588623046875, 0.23291015625, 0.162109375, -0.00274658203125)","(0.0, 0.0, 0.0, 0.0)"
153039221954,"(0.9588623046875, 0.23284912109375, 0.162353515625, -0.00250244140625)","(0.0, 0.0, 0.0, 0.0)"
153039232975,"(0.958740234375, 0.23297119140625, 0.162841796875, -0.002685546875)","(0.0, 0.0, 0.0, 0.0)"
153039245231,"(0.958740234375, 0.23291015625, 0.16278076171875, -0.0029296875)","(0.0, 0.0, 0.0, 0.0)"
153039257430,"(0.95916748046875, 0.2318115234375, 0.16204833984375, -0.0029296875)","(0.0, 0.0, 0.0, 0.0)"
153039267980,"(0.9591064453125, 0.23199462890625, 0.1622314453125, -0.00360107421875)","(1.0, 0.00048828125, 0.00018310546875, -0.0003662109375)"
153039278299,"(0.9591064453125, 0.23211669921875, 0.162109375, -0.00372314453125)","(1.0, 0.000732421875, 6.103515625e-05, -0.0006103515625)"
153039291238,"(0.95928955078125, 0.23150634765625, 0.16168212890625, -0.0040283203125)","(1.0, 0.0006103515625, 6.103515625e-05, -0.0006103515625)"
153039301634,"(0.9593505859375, 0.23114013671875, 0.16180419921875, -0.00445556640625)","(1.0, 0.0006103515625, -6.103515625e-05, -0.00042724609375)"
153039311401,"(0.95941162109375, 0.23089599609375, 0.1619873046875, -0.0045166015625)","(1.0, 0.000732421875, 0.00018310546875, -0.00030517578125)"
153039320297,"(0.9593505859375, 0.2310791015625, 0.16204833984375, -0.00457763671875)","(None, None, None, None)"
153039322627,"(0.9593505859375, 0.2310791015625, 0.16204833984375, -0.00457763671875)","(None, None, None, None)"
153039325029,"(0.9593505859375, 0.2310791015625, 0.16204833984375, -0.00457763671875)","(0.97076416015625, 0.02130126953125, 0.23907470703125, -0.00067138671875)"
153039330160,"(0.959228515625, 0.2314453125, 0.162109375, -0.0042724609375)","(None, None, None, None)"
153039332615,"(0.959228515625, 0.2314453125, 0.162109375, -0.0042724609375)","(0.9708251953125, 0.02130126953125, 0.23883056640625, -0.0008544921875)"
153039337618,"(0.959228515625, 0.2314453125, 0.162109375, -0.0042724609375)","(0.97088623046875, 0.02130126953125, 0.23870849609375, -0.0008544921875)"
153039342530,"(None, None, None, None)","(0.97088623046875, 0.02130126953125, 0.23870849609375, -0.0008544921875)"
153039344797,"(0.959228515625, 0.23162841796875, 0.16204833984375, -0.00433349609375)","(0.97088623046875, 0.02130126953125, 0.23870849609375, -0.0008544921875)"
153039351377,"(None, None, None, None)","(0.9708251953125, 0.02117919921875, 0.23883056640625, -0.00091552734375)"
153039353576,"(0.9591064453125, 0.2318115234375, 0.16217041015625, -0.00445556640625)","(None, None, None, None)"
153039357960,"(0.9591064453125, 0.2318115234375, 0.16217041015625, -0.00445556640625)","(0.9708251953125, 0.02117919921875, 0.23883056640625, -0.0008544921875)"
153039362895,"(0.95916748046875, 0.23187255859375, 0.16192626953125, -0.00433349609375)","(0.9708251953125, 0.02117919921875, 0.23883056640625, -0.0008544921875)"
153039367760,"(0.95916748046875, 0.23187255859375, 0.16192626953125, -0.00433349609375)","(0.97076416015625, 0.02142333984375, 0.239013671875, -0.00091552734375)"
153039372123,"(0.95928955078125, 0.23138427734375, 0.1617431640625, -0.0050048828125)","(0.97076416015625, 0.02142333984375, 0.239013671875, -0.00091552734375)"
153039376003,"(0.95928955078125, 0.23138427734375, 0.1617431640625, -0.0050048828125)","(None, None, None, None)"
153039378541,"(0.95928955078125, 0.23138427734375, 0.1617431640625, -0.0050048828125)","(None, None, None, None)"
153039381728,"(0.959228515625, 0.2315673828125, 0.16180419921875, -0.00543212890625)","(None, None, None, None)"
153039383901,"(0.959228515625, 0.2315673828125, 0.16180419921875, -0.00543212890625)","(0.97076416015625, 0.02130126953125, 0.2391357421875, -0.00079345703125)"
153039390370,"(0.95928955078125, 0.2314453125, 0.16156005859375, -0.005615234375)","(0.97076416015625, 0.021240234375, 0.2391357421875, -0.00140380859375)"
153039394060,"(0.95928955078125, 0.2314453125, 0.16156005859375, -0.005615234375)","(None, None, None, None)"
153039398170,"(-1.04071044921875, 0.2314453125, 0.16156005859375, -0.005615234375)","(0.97076416015625, 0.021240234375, 0.23907470703125, -0.00140380859375)"
153039403121,"(0.95941162109375, 0.231201171875, 0.1612548828125, -0.00537109375)","(0.97076416015625, 0.021240234375, 0.23907470703125, -0.00140380859375)"
153039406904,"(0.95941162109375, 0.231201171875, 0.1612548828125, -0.00537109375)","(None, None, None, None)"
153039411427,"(0.95953369140625, 0.23101806640625, 0.16094970703125, -0.00531005859375)","(0.9708251953125, 0.021484375, 0.23895263671875, -0.0015869140625)"
153039414790,"(0.95953369140625, 0.23101806640625, 0.16094970703125, -0.00531005859375)","(None, None, None, None)"
153039417488,"(0.95953369140625, 0.23101806640625, 0.16094970703125, -0.00531005859375)","(0.97076416015625, 0.02130126953125, 0.2391357421875, -0.00177001953125)"
153039422111,"(0.95953369140625, 0.23095703125, 0.16107177734375, -0.00567626953125)","(0.97076416015625, 0.02130126953125, 0.2391357421875, -0.00177001953125)"
153039425552,"(0.95953369140625, 0.23095703125, 0.16107177734375, -0.00567626953125)","(None, None, None, None)"
153039428105,"(0.95953369140625, 0.23095703125, 0.16107177734375, -0.00567626953125)","(None, None, None, None)"
153039431093,"(0.95941162109375, 0.231201171875, 0.16119384765625, -0.00531005859375)","(0.970703125, 0.02130126953125, 0.23944091796875, -0.00189208984375)"
153039434410,"(0.95941162109375, 0.231201171875, 0.16119384765625, -0.00531005859375)","(0.970703125, 0.02130126953125, 0.23944091796875, -0.00189208984375)"
153039441606,"(0.95965576171875, 0.230712890625, 0.16070556640625, -0.005615234375)","(0.97064208984375, 0.0213623046875, 0.2396240234375, -0.002197265625)"
153039445027,"(0.95965576171875, 0.230712890625, 0.16070556640625, -0.005615234375)","(0.97064208984375, 0.0213623046875, 0.2396240234375, -0.002197265625)"
153039452264,"(0.9595947265625, 0.23089599609375, 0.16082763671875, -0.00579833984375)","(None, None, None, None)"
153039454469,"(0.9595947265625, 0.23089599609375, 0.16082763671875, -0.00579833984375)","(0.97064208984375, 0.021240234375, 0.239501953125, -0.00238037109375)"
153039459798,"(0.9595947265625, 0.23077392578125, 0.1610107421875, -0.0059814453125)","(0.970703125, 0.0213623046875, 0.2393798828125, -0.00262451171875)"
153039464122,"(0.9595947265625, 0.23077392578125, 0.1610107421875, 1.9940185546875)","(0.970703125, 0.0213623046875, 0.2393798828125, -0.00262451171875)"
153039468587,"(0.9595947265625, 0.22296142578125, 0.1610107421875, -0.0059814453125)","(None, None, None, None)"
153039471144,"(0.9595947265625, 0.230712890625, 0.160888671875, -0.00653076171875)","(0.970703125, 0.02191162109375, 0.23919677734375, -0.0023193359375)"
153039474860,"(0.9595947265625, 0.230712890625, 0.160888671875, -0.00653076171875)","(0.970703125, 0.02191162109375, 0.23919677734375, -0.0023193359375)"
153039480011,"(0.95965576171875, 0.2305908203125, 0.1607666015625, -0.00665283203125)","(0.97064208984375, 0.02203369140625, 0.23944091796875, -0.00244140625)"
153039484006,"(0.95965576171875, 0.2305908203125, 0.1607666015625, -0.00665283203125)","(None, None, None, None)"
153039486202,"(0.95965576171875, 0.2305908203125, 0.1607666015625, -0.00665283203125)","(0.97064208984375, 0.02203369140625, 0.23944091796875, -0.00244140625)"
153039491863,"(0.95953369140625, 0.230712890625, 0.1612548828125, -0.0069580078125)","(None, None, None, None)"
153039494365,"(0.95953369140625, 0.230712890625, 0.1612548828125, -0.0069580078125)","(None, None, None, None)"
153039496608,"(0.95953369140625, 0.230712890625, 0.1612548828125, -0.0069580078125)","(0.9705810546875, 0.0224609375, 0.23968505859375, -0.002685546875)"
153039503347,"(0.95947265625, 0.230712890625, 0.16162109375, -0.0072021484375)","(0.97039794921875, 0.02301025390625, 0.2403564453125, -0.00286865234375)"
153039506687,"(0.95947265625, 0.230712890625, 0.16162109375, -0.0072021484375)","(0.97039794921875, 0.02301025390625, 0.2403564453125, -0.00286865234375)"
153039513112,"(0.95947265625, 0.2305908203125, 0.1617431640625, -0.00726318359375)","(None, None, None, None)"
153039515631,"(0.95947265625, 0.2305908203125, 0.1617431640625, -0.00726318359375)","(None, None, None, None)"
153039518206,"(0.95947265625, 0.2305908203125, 0.1617431640625, -0.00726318359375)","(0.97027587890625, 0.02313232421875, 0.2408447265625, -0.002685546875)"
153039523098,"(0.95947265625, 0.2305908203125, 0.16180419921875, -0.00701904296875)","(0.97015380859375, 0.02301025390625, 0.2413330078125, -0.00299072265625)"
153039527134,"(0.95947265625, 0.2305908203125, 0.16180419921875, -0.00701904296875)","(None, None, None, None)"
153039530276,"(0.95916748046875, 0.23138427734375, 0.1627197265625, -0.0064697265625)","(0.97021484375, 0.02264404296875, 0.2410888671875, -0.002685546875)"
153039534268,"(0.95916748046875, 0.23138427734375, 0.1627197265625, -0.0064697265625)","(0.97021484375, 0.02264404296875, 0.2410888671875, -0.002685546875)"
153039540211,"(0.9591064453125, 0.2314453125, 0.16290283203125, -0.006591796875)","(0.97021484375, 0.02239990234375, 0.2412109375, -0.00262451171875)"
153039544903,"(0.9591064453125, 0.2314453125, 0.16290283203125, -0.006591796875)","(0.97021484375, 0.02239990234375, 0.2412109375, -0.00262451171875)"
153039551595,"(0.95904541015625, 0.23126220703125, 0.16326904296875, -0.006591796875)","(None, None, None, None)"
153039553905,"(0.95904541015625, 0.23126220703125, 0.16326904296875, -0.006591796875)","(None, None, None, None)"
153039556517,"(0.95904541015625, 0.23126220703125, 0.16326904296875, -0.006591796875)","(None, None, None, None)"
153039560525,"(0.95892333984375, 0.2315673828125, 0.16363525390625, -0.00634765625)","(None, None, None, None)"
153039563984,"(0.95892333984375, 0.2315673828125, 0.16363525390625, -0.00634765625)","(0.97015380859375, 0.02191162109375, 0.241455078125, -0.0029296875)"
153039567652,"(0.95892333984375, 0.2315673828125, 0.16363525390625, -0.00634765625)","(0.97015380859375, 0.02191162109375, 0.241455078125, -0.0029296875)"
153039571065,"(0.9588623046875, 0.231689453125, 0.16375732421875, -0.00604248046875)","(None, None, None, None)"
153039573700,"(None, None, None, None)","(0.97021484375, 0.02197265625, 0.2413330078125, -0.00299072265625)"
153039576195,"(0.9588623046875, 0.231689453125, 0.16375732421875, -0.00604248046875)","(0.97021484375, 0.02197265625, 0.2413330078125, -0.00299072265625)"
153039581453,"(None, None, None, None)","(0.97021484375, 0.02191162109375, 0.24127197265625, -0.002685546875)"
153039584706,"(0.9588623046875, 0.2318115234375, 0.1636962890625, -0.0054931640625)","(None, None, None, None)"
153039587682,"(0.9588623046875, 0.2318115234375, 0.1636962890625, -0.0054931640625)","(0.97021484375, 0.02191162109375, 0.24127197265625, -0.002685546875)"
153039594117,"(0.95880126953125, 0.2318115234375, 0.1639404296875, -0.00537109375)","(None, None, None, None)"
153039596588,"(0.95880126953125, 0.2318115234375, 0.1639404296875, -0.00537109375)","(0.97015380859375, 0.02197265625, 0.2415771484375, -0.00311279296875)"
153039603569,"(0.9588623046875, 0.231689453125, 0.163818359375, -0.0054931640625)","(0.9700927734375, 0.02215576171875, 0.24163818359375, -0.00311279296875)"
153039607280,"(0.9588623046875, 0.231689453125, 0.163818359375, -0.0054931640625)","(0.9700927734375, 0.02215576171875, 0.24163818359375, -0.00311279296875)"
153039612387,"(0.95892333984375, 0.231689453125, 0.1636962890625, -0.00579833984375)","(0.97021484375, 0.0223388671875, 0.2413330078125, -0.0030517578125)"
153039616105,"(0.95892333984375, 0.231689453125, 0.1636962890625, -0.00579833984375)","(None, None, None, None)"
153039618383,"(None, None, None, None)","(0.97021484375, 0.0223388671875, 0.2413330078125, -0.0030517578125)"
153039620595,"(0.95892333984375, 0.231689453125, 0.1636962890625, -0.00579833984375)","(None, None, None, None)"
153039623342,"(0.95880126953125, 0.2315673828125, 0.16424560546875, -0.00616455078125)","(0.97021484375, 0.02239990234375, 0.24127197265625, -0.00286865234375)"
153039627184,"(0.95880126953125, 0.2315673828125, 0.16424560546875, -0.00616455078125)","(None, None, None, None)"
153039631629,"(0.95892333984375, 0.2314453125, 0.1640625, -0.006103515625)","(0.97021484375, 0.022705078125, 0.24127197265625, -0.00262451171875)"
153039635968,"(0.95892333984375, 0.2314453125, 0.1640625, -0.006103515625)","(0.97021484375, 0.022705078125, 0.24127197265625, -0.00262451171875)"
153039642550,"(0.9588623046875, 0.2314453125, 0.16424560546875, -0.00592041015625)","(None, None, None, None)"
153039645341,"(0.9588623046875, 0.2314453125, 0.16424560546875, -0.00592041015625)","(None, None, None, None)"
153039647593,"(0.9588623046875, 0.2314453125, 0.16424560546875, -0.00592041015625)","(0.97021484375, 0.022705078125, 0.2410888671875, -0.00250244140625)"
153039654997,"(0.95892333984375, 0.23150634765625, 0.16400146484375, -0.00579833984375)","(0.97039794921875, 0.0224609375, 0.24041748046875, -0.00262451171875)"
153039658759,"(0.95892333984375, 0.23150634765625, 0.16400146484375, -0.00579833984375)","(None, None, None, None)"
153039662992,"(0.95904541015625, 0.231201171875, 0.16351318359375, -0.006103515625)","(0.970458984375, 0.0223388671875, 0.2401123046875, -0.0030517578125)"
153039667071,"(0.95904541015625, 0.231201171875, -1.83648681640625, -0.006103515625)","(None, None, None, None)"
153039669345,"(0.95904541015625, 0.231201171875, 0.16351318359375, -0.006103515625)","(None, None, None, None)"
153039671574,"(0.9591064453125, 0.23114013671875, 0.1632080078125, -0.00616455078125)","(None, None, None, None)"
153039674138,"(0.9591064453125, 0.23114013671875, 0.1632080078125, -0.00616455078125)","(0.970458984375, 0.02227783203125, 0.240234375, -0.0028076171875)"
153039677869,"(0.9591064453125, 0.23114013671875, 0.1632080078125, -0.00616455078125)","(None, None, None, None)"
153039680539,"(0.9591064453125, 0.23114013671875, 0.1632080078125, -0.00616455078125)","(0.970458984375, 0.02227783203125, 0.240234375, -0.0028076171875)"
153039685634,"(0.95904541015625, 0.2313232421875, 0.16351318359375, -0.006103515625)","(None, None, None, None)"
153039688007,"(0.95904541015625, 0.2313232421875, 0.16351318359375, -0.006103515625)","(None, None, None, None)"
153039692023,"(0.958984375, 0.23150634765625, 0.1634521484375, -0.005859375)","(0.970458984375, 0.0223388671875, 0.2401123046875, -0.0029296875)"
153039696636,"(0.958984375, 0.23150634765625, 0.1634521484375, -0.005859375)","(None, None, None, None)"
153039700561,"(0.958984375, 0.23150634765625, 0.1634521484375, -0.005859375)","(None, None, None, None)"
153039704116,"(0.958984375, 0.231689453125, 0.16326904296875, -0.005859375)","(0.9705810546875, 0.022216796875, 0.23980712890625, -0.0029296875)"
153039708312,"(0.958984375, 0.231689453125, 0.16326904296875, -0.005859375)","(None, None, None, None)"
153039712467,"(0.95904541015625, 0.231689453125, 0.16278076171875, -0.0059814453125)","(0.9705810546875, 0.022216796875, 0.23980712890625, -0.0107421875)"
153039716118,"(0.95904541015625, 0.231689453125, 0.16278076171875, -0.0059814453125)","(0.9705810546875, 0.02227783203125, 0.23968505859375, -0.00286865234375)"
153039719812,"(0.95904541015625, 0.231689453125, 0.16278076171875, -0.0059814453125)","(None, None, None, None)"
153039722090,"(0.9591064453125, 0.23138427734375, 0.162841796875, -0.00628662109375)","(0.9705810546875, 0.0224609375, 0.23968505859375, -0.00274658203125)"
153039726308,"(0.9591064453125, 0.23138427734375, 0.162841796875, -0.00628662109375)","(0.9705810546875, 0.0224609375, 0.23968505859375, -0.00274658203125)"
153039729783,"(0.9591064453125, 0.23138427734375, 0.162841796875, -0.00628662109375)","(None, None, None, None)"
153039732487,"(0.9591064453125, 0.23138427734375, 0.1629638671875, -0.00640869140625)","(None, None, None, None)"
153039735080,"(0.9591064453125, 0.23138427734375, 0.1629638671875, -0.00640869140625)","(None, None, None, None)"
153039737754,"(0.9591064453125, 0.23138427734375, 0.1629638671875, -0.00640869140625)","(None, None, None, None)"
153039740037,"(0.9591064453125, 0.23138427734375, 0.1629638671875, -0.00640869140625)","(0.9705810546875, 0.0225830078125, 0.2396240234375, -0.0029296875)"
153039746226,"(0.95904541015625, 0.231689453125, 0.16290283203125, -0.00628662109375)","(0.97064208984375, 0.02239990234375, 0.239501953125, -0.00286865234375)"
153039752940,"(0.9591064453125, 0.23162841796875, 0.16265869140625, -0.00628662109375)","(0.9705810546875, 0.02239990234375, 0.23968505859375, -0.00286865234375)"
153039757252,"(0.9591064453125, 0.23162841796875, 0.16265869140625, -0.00628662109375)","(0.9705810546875, 0.02239990234375, 0.23968505859375, -0.00286865234375)"
153039762873,"(0.95928955078125, 0.23101806640625, 0.16217041015625, -0.0064697265625)","(0.9705810546875, 0.02239990234375, 0.23968505859375, -0.00286865234375)"
153039766673,"(0.95928955078125, 0.23101806640625, 0.16217041015625, -0.0064697265625)","(None, None, None, None)"
153039769295,"(0.95928955078125, 0.23101806640625, 0.16217041015625, -0.0064697265625)","(0.9705810546875, 0.02239990234375, 0.23968505859375, -0.0030517578125)"
153039772776,"(0.95947265625, 0.230712890625, 0.1617431640625, -0.00714111328125)","(0.97052001953125, 0.02239990234375, 0.24005126953125, -0.00360107421875)"
153039779223,"(0.95947265625, 0.230712890625, 0.1617431640625, -0.00714111328125)","(0.97052001953125, 0.02239990234375, 0.24005126953125, -0.00360107421875)"
153039783951,"(0.95947265625, 0.230712890625, 0.1614990234375, -0.00750732421875)","(0.97027587890625, 0.0225830078125, 0.24078369140625, -0.00384521484375)"
153039788190,"(0.95947265625, 0.230712890625, 0.1614990234375, -0.00750732421875)","(0.97027587890625, 0.0225830078125, 0.24078369140625, -0.00384521484375)"
153039794057,"(0.95947265625, 0.2305908203125, 0.16192626953125, -0.0079345703125)","(0.97027587890625, 0.02252197265625, 0.24090576171875, -0.00360107421875)"
153039797905,"(0.95947265625, 0.2305908203125, 0.16192626953125, -0.0079345703125)","(0.97027587890625, 0.02252197265625, 0.24090576171875, -0.00360107421875)"
153039805268,"(0.95953369140625, 0.23040771484375, 0.16168212890625, -0.00811767578125)","(0.97039794921875, 0.022705078125, 0.24041748046875, -0.00335693359375)"
153039809319,"(0.95953369140625, 0.23040771484375, 0.16168212890625, -0.00811767578125)","(0.97039794921875, 0.022705078125, 0.24041748046875, -0.00335693359375)"
153039814469,"(0.95941162109375, 0.23065185546875, 0.1619873046875, -0.0079345703125)","(None, None, None, None)"
153039816881,"(0.95941162109375, 0.23065185546875, 0.1619873046875, -0.0079345703125)","(0.970458984375, 0.0223388671875, 0.240234375, -0.0032958984375)"
153039820698,"(0.95941162109375, 0.23065185546875, 0.1619873046875, -0.0079345703125)","(0.970458984375, 0.0223388671875, 0.240234375, -0.0032958984375)"
153039824208,"(0.9593505859375, 0.23065185546875, 0.162353515625, -0.00811767578125)","(0.970458984375, 0.0223388671875, 0.240234375, -0.0032958984375)"
153039827850,"(0.9593505859375, 0.23065185546875, 0.162353515625, -0.00811767578125)","(0.9705810546875, 0.02227783203125, 0.23980712890625, -0.0035400390625)"
153039831787,"(0.9593505859375, 0.23065185546875, 0.162353515625, -0.00811767578125)","(0.9705810546875, 0.02227783203125, 0.23980712890625, -0.0035400390625)"
153039837137,"(0.9593505859375, 0.23077392578125, 0.16217041015625, -0.00823974609375)","(None, None, None, None)"
153039839785,"(0.9593505859375, 0.23077392578125, 0.16217041015625, -0.00823974609375)","(0.97064208984375, 0.0223388671875, 0.239501953125, -0.00347900390625)"
153039846874,"(0.95928955078125, 0.23095703125, 0.16229248046875, -0.00848388671875)","(0.970703125, 0.0220947265625, 0.23919677734375, -0.00341796875)"
153039852018,"(0.9593505859375, 0.23089599609375, 0.16217041015625, -0.00909423828125)","(0.970703125, 0.0220947265625, 0.23919677734375, -0.00341796875)"
153039857620,"(0.9593505859375, 0.23089599609375, 0.16217041015625, -0.00909423828125)","(0.97052001953125, 0.02215576171875, 0.23992919921875, -0.003662109375)"
153039863266,"(0.95947265625, 0.23040771484375, 0.16180419921875, -0.00897216796875)","(0.97052001953125, 0.02215576171875, 0.23992919921875, -0.003662109375)"
153039866863,"(0.95947265625, 0.23040771484375, 0.16180419921875, -0.00897216796875)","(None, None, None, None)"
153039869621,"(0.95947265625, 0.23040771484375, 0.16180419921875, -0.00897216796875)","(None, None, None, None)"
153039871789,"(0.95947265625, 0.23040771484375, 0.16180419921875, -0.00897216796875)","(0.970458984375, 0.0220947265625, 0.24029541015625, -0.00408935546875)"
153039875385,"(0.95953369140625, 0.2305908203125, 0.16156005859375, -0.0087890625)","(None, None, None, None)"
153039877689,"(0.95953369140625, 0.2305908203125, 0.16156005859375, -0.0087890625)","(0.9703369140625, 0.0223388671875, 0.24072265625, -0.00482177734375)"
153039881513,"(0.95953369140625, 0.2305908203125, 0.16156005859375, -0.0087890625)","(0.9703369140625, 0.0223388671875, 0.24072265625, -0.00482177734375)"
153039886655,"(0.95953369140625, 0.2310791015625, 0.160888671875, -0.00848388671875)","(None, None, None, None)"
153039889778,"(0.95953369140625, 0.2310791015625, 0.160888671875, -0.00848388671875)","(0.97027587890625, 0.0220947265625, 0.2408447265625, -0.00494384765625)"
153039896752,"(0.9595947265625, 0.23095703125, 0.16058349609375, -0.008544921875)","(0.9703369140625, 0.02178955078125, 0.24072265625, -0.00469970703125)"
153039901042,"(0.9595947265625, 0.23095703125, 0.16058349609375, -0.008544921875)","(None, None, None, None)"
153039904991,"(0.9595947265625, 0.23101806640625, 0.16033935546875, -0.0091552734375)","(0.9703369140625, 0.021484375, 0.24078369140625, -0.00469970703125)"
153039909422,"(0.9595947265625, 0.23101806640625, 0.16033935546875, -0.0091552734375)","(None, None, None, None)"
153039913455,"(0.95965576171875, 0.23077392578125, 0.160400390625, -0.00958251953125)","(0.9703369140625, 0.021484375, 0.24078369140625, -0.00469970703125)"
153039917139,"(0.95965576171875, 0.23077392578125, 0.160400390625, -0.00958251953125)","(None, None, None, None)"
153039919740,"(0.95965576171875, 0.23077392578125, 0.160400390625, -0.00958251953125)","(0.970458984375, 0.0213623046875, 0.2403564453125, -0.004638671875)"
153039923104,"(0.95965576171875, 0.23077392578125, 0.160400390625, -0.009521484375)","(None, None, None, None)"
153039925688,"(0.95965576171875, 0.23077392578125, 0.160400390625, -0.009521484375)","(None, None, None, None)"
153039928373,"(0.95965576171875, 0.23077392578125, 0.160400390625, -0.009521484375)","(None, None, None, None)"
153039932385,"(0.95947265625, 0.23114013671875, 0.1607666015625, -0.00909423828125)","(None, None, None, None)"
153039935610,"(0.95947265625, 0.23114013671875, 0.1607666015625, -0.00909423828125)","(0.970458984375, 0.0216064453125, 0.24017333984375, -0.0047607421875)"
153039939953,"(0.95947265625, 0.23114013671875, 0.1607666015625, -0.00909423828125)","(None, None, None, None)"
153039944372,"(None, None, None, None)","(None, None, None, None)"
153039945882,"(0.95941162109375, 0.23095703125, 0.16156005859375, -0.00946044921875)","(0.970458984375, 0.02178955078125, 0.24029541015625, -0.0047607421875)"
153039949911,"(0.95941162109375, 0.23095703125, 0.16156005859375, -0.00946044921875)","(None, None, None, None)"
153039954339,"(0.959228515625, 0.23101806640625, 0.162353515625, -0.00946044921875)","(0.970458984375, 0.02178955078125, 0.24029541015625, -0.0047607421875)"
153039959149,"(0.959228515625, 0.23101806640625, 0.162353515625, -0.00946044921875)","(0.97039794921875, 0.02203369140625, 0.24041748046875, -0.00482177734375)"
153039964558,"(0.95904541015625, 0.2315673828125, 0.1627197265625, -0.00921630859375)","(0.97039794921875, 0.02203369140625, 0.24041748046875, -0.00482177734375)"
153039968047,"(0.95904541015625, 0.2315673828125, 0.1627197265625, -0.00921630859375)","(None, None, None, None)"
153039970631,"(0.95904541015625, 0.2315673828125, 0.1627197265625, -0.00921630859375)","(0.97039794921875, 0.02178955078125, 0.24041748046875, -0.00482177734375)"
153039974125,"(0.9591064453125, 0.23162841796875, 0.16253662109375, -0.00897216796875)","(0.97039794921875, 0.02178955078125, 0.24041748046875, -0.00482177734375)"
153039977507,"(0.9591064453125, 0.23162841796875, 0.16253662109375, -0.00897216796875)","(0.970458984375, 0.0216064453125, 0.2403564453125, -0.00445556640625)"
153039981311,"(0.9591064453125, 0.23162841796875, 0.16253662109375, -0.00897216796875)","(None, None, None, None)"
153039983515,"(0.95928955078125, 0.23095703125, 0.16241455078125, -0.0091552734375)","(None, None, None, None)"
153039986288,"(0.95928955078125, 0.23095703125, 0.16241455078125, -0.0091552734375)","(None, None, None, None)"
153039989250,"(0.95928955078125, 0.23095703125, 0.16241455078125, -0.0091552734375)","(0.97039794921875, 0.0216064453125, 0.24041748046875, -0.00457763671875)"
153039995149,"(0.9593505859375, 0.23089599609375, 0.16217041015625, -0.00885009765625)","(0.97039794921875, 0.0216064453125, 0.24041748046875, -0.00457763671875)"
153039999658,"(0.9593505859375, 0.23089599609375, 0.16217041015625, -0.00885009765625)","(0.9703369140625, 0.02178955078125, 0.24078369140625, -0.00494384765625)"
153040006432,"(0.95928955078125, 0.23095703125, 0.1624755859375, -0.00836181640625)","(0.970458984375, 0.02166748046875, 0.240234375, -0.004638671875)"
153040010792,"(0.95928955078125, 0.23095703125, 0.1624755859375, -0.00836181640625)","(0.970458984375, 0.02166748046875, 0.240234375, -0.004638671875)"
153040016251,"(0.95928955078125, 0.23089599609375, 0.162353515625, -0.0084228515625)","(0.970458984375, 0.02166748046875, 0.240234375, -0.004638671875)"
153040019879,"(0.95928955078125, 0.23089599609375, 0.162353515625, -0.0084228515625)","(0.978271484375, 0.021728515625, 0.240234375, -0.00439453125)"
153040025489,"(0.96710205078125, 0.23077392578125, 0.1627197265625, -0.0086669921875)","(0.97808837890625, 0.02203369140625, 0.240966796875, -0.00445556640625)"
153040032763,"(0.96710205078125, 0.23077392578125, 0.1627197265625, -0.0086669921875)","(0.97808837890625, 0.02203369140625, 0.240966796875, -0.00445556640625)"
153040040241,"(0.95916748046875, 0.23089599609375, 0.1630859375, -0.00848388671875)","(0.97808837890625, 0.0220947265625, 0.24102783203125, -0.004638671875)"
153040049921,"(0.95916748046875, 0.23101806640625, 0.162841796875, -0.0086669921875)","(0.97027587890625, 0.02227783203125, 0.24090576171875, -0.00439453125)"
153040060234,"(0.959228515625, 0.230712890625, 0.16302490234375, -0.00885009765625)","(0.97802734375, 0.02227783203125, 0.24102783203125, -0.00439453125)"
153040068966,"(0.96710205078125, 0.23052978515625, 0.1630859375, -0.00872802734375)","(0.97808837890625, 0.0223388671875, 0.24090576171875, -0.00408935546875)"
153040076302,"(0.9669189453125, 0.23101806640625, 0.1632080078125, -0.0086669921875)","(0.9781494140625, 0.02239990234375, 0.24066162109375, -0.004150390625)"
153040083019,"(0.9669189453125, 0.23095703125, 0.16339111328125, -0.00860595703125)","(0.9781494140625, 0.02239990234375, 0.24066162109375, -0.004150390625)"
153040091137,"(0.9591064453125, 0.23095703125, 0.16339111328125, -0.00860595703125)","(0.9781494140625, 0.0225830078125, 0.24066162109375, -0.0047607421875)"
153040101051,"(0.9669189453125, 0.23126220703125, 0.162841796875, -0.00823974609375)","(0.97821044921875, 0.0223388671875, 0.2403564453125, -0.00469970703125)"
153040111018,"(0.95916748046875, 0.23114013671875, 0.16278076171875, -0.008544921875)","(0.978271484375, 0.02239990234375, 0.2401123046875, -0.00421142578125)"
153040120242,"(0.967041015625, 0.2308349609375, 0.1627197265625, -0.009033203125)","(0.97833251953125, 0.02203369140625, 0.2398681640625, -0.00384521484375)"
153040126292,"(0.96710205078125, 0.23065185546875, 0.16290283203125, -0.00927734375)","(0.9783935546875, 0.02203369140625, 0.23980712890625, -0.00408935546875)"
153040132921,"(0.96710205078125, 0.23065185546875, 0.16290283203125, -0.00927734375)","(0.9783935546875, 0.02203369140625, 0.23980712890625, -0.00408935546875)"
153040139978,"(0.95928955078125, 0.23077392578125, 0.1627197265625, -0.0091552734375)","(0.970458984375, 0.022216796875, 0.240234375, -0.0045166015625)"
153040150046,"(0.959228515625, 0.23089599609375, 0.16278076171875, -0.009033203125)","(0.97833251953125, 0.02203369140625, 0.23992919921875, -0.00457763671875)"
153040160096,"(0.96710205078125, 0.23101806640625, 0.162353515625, -0.0089111328125)","(0.97833251953125, 0.02178955078125, 0.24005126953125, -0.0042724609375)"
153040168592,"(0.96710205078125, 0.23095703125, 0.1622314453125, -0.0089111328125)","(0.978271484375, 0.02191162109375, 0.240234375, -0.0042724609375)"
153040174452,"(0.96710205078125, 0.2308349609375, 0.16241455078125, -0.0086669921875)","(0.978271484375, 0.02191162109375, 0.240234375, -0.0042724609375)"
153040180540,"(0.96710205078125, 0.2308349609375, 0.16241455078125, -0.0086669921875)","(0.978271484375, 0.0220947265625, 0.24017333984375, -0.0040283203125)"
153040186900,"(0.9671630859375, 0.23077392578125, 0.16229248046875, -0.00860595703125)","(0.978271484375, 0.022216796875, 0.24017333984375, -0.004150390625)"
153040193176,"(0.9671630859375, 0.23077392578125, 0.16229248046875, -0.00860595703125)","(0.970458984375, 0.022216796875, 0.24017333984375, -0.004150390625)"
153040201653,"(0.96722412109375, 0.23052978515625, 0.16204833984375, -0.00872802734375)","(0.97821044921875, 0.0223388671875, 0.2403564453125, -0.004150390625)"
153040210928,"(0.9674072265625, 0.2301025390625, 0.16156005859375, -0.00909423828125)","(0.97808837890625, 0.02239990234375, 0.240966796875, -0.0042724609375)"
153040218149,"(0.96746826171875, 0.23004150390625, 0.16131591796875, -0.00946044921875)","(0.97802734375, 0.02239990234375, 0.24127197265625, -0.00433349609375)"
153040224477,"(0.967529296875, 0.22991943359375, 0.16131591796875, -0.0096435546875)","(0.97802734375, 0.02239990234375, 0.24127197265625, -0.00433349609375)"
153040231120,"(0.967529296875, 0.22991943359375, 0.16131591796875, -0.0096435546875)","(0.97802734375, 0.02239990234375, 0.24127197265625, -0.0042724609375)"
153040236685,"(0.96759033203125, 0.22943115234375, 0.1614990234375, -0.01007080078125)","(0.97021484375, 0.02239990234375, 0.24127197265625, -0.0042724609375)"
153040243697,"(0.9676513671875, 0.229248046875, 0.16156005859375, -0.0101318359375)","(0.97802734375, 0.02227783203125, 0.24127197265625, -0.0037841796875)"
153040251586,"(0.9676513671875, 0.229248046875, 0.16156005859375, -0.0101318359375)","(0.97802734375, 0.0223388671875, 0.2410888671875, -0.00360107421875)"
153040260366,"(0.96759033203125, 0.22930908203125, 0.1617431640625, -0.01031494140625)","(0.97796630859375, 0.0225830078125, 0.24127197265625, -0.00372314453125)"
153040268158,"(0.967529296875, 0.22943115234375, 0.16192626953125, -0.01043701171875)","(0.97796630859375, 0.0225830078125, 0.24127197265625, -0.00372314453125)"
153040274113,"(0.967529296875, 0.22943115234375, 0.16192626953125, -0.01043701171875)","(0.9700927734375, 0.02276611328125, 0.24176025390625, -0.00390625)"
153040280240,"(0.967529296875, 0.22943115234375, 0.16204833984375, -0.0103759765625)","(0.977783203125, 0.02276611328125, 0.24212646484375, -0.00390625)"
153040286099,"(0.96746826171875, 0.22943115234375, 0.16217041015625, -0.01019287109375)","(0.977783203125, 0.02276611328125, 0.24212646484375, -0.00390625)"
153040293424,"(0.96746826171875, 0.22943115234375, 0.16217041015625, -0.01019287109375)","(0.97772216796875, 0.02276611328125, 0.24237060546875, -0.0042724609375)"
153040302234,"(0.96746826171875, 0.22943115234375, 0.16229248046875, -0.01007080078125)","(0.97772216796875, 0.0224609375, 0.24237060546875, -0.00439453125)"
153040310269,"(0.96734619140625, 0.2293701171875, 0.16302490234375, -0.01055908203125)","(0.9776611328125, 0.02239990234375, 0.24261474609375, -0.00439453125)"
153040317726,"(0.96728515625, 0.22943115234375, 0.163330078125, -0.0107421875)","(0.9698486328125, 0.02239990234375, 0.24261474609375, -0.00439453125)"
153040324900,"(0.96728515625, 0.22943115234375, 0.163330078125, -0.0107421875)","(0.9776611328125, 0.0223388671875, 0.24267578125, -0.0042724609375)"
153040331970,"(0.96728515625, 0.22930908203125, 0.16357421875, -0.010986328125)","(0.9776611328125, 0.0225830078125, 0.24267578125, -0.00390625)"
153040338023,"(0.9671630859375, 0.2293701171875, 0.16412353515625, -0.01123046875)","(0.9776611328125, 0.0225830078125, 0.24267578125, -0.00390625)"
153040345048,"(0.96710205078125, 0.2294921875, 0.16424560546875, -0.0113525390625)","(0.9776611328125, 0.0228271484375, 0.2425537109375, -0.00347900390625)"
153040352986,"(0.96710205078125, 0.2294921875, 0.16424560546875, -0.0113525390625)","(0.9776611328125, 0.0228271484375, 0.2425537109375, -0.00347900390625)"
153040361258,"(0.9671630859375, 0.22955322265625, 0.163818359375, -0.01171875)","(0.97772216796875, 0.022705078125, 0.24249267578125, -0.00396728515625)"
153040369647,"(0.9671630859375, 0.2294921875, 0.16363525390625, -0.01190185546875)","(0.97772216796875, 0.022705078125, 0.23468017578125, -0.00396728515625)"
153040375405,"(0.967041015625, 0.22998046875, 0.16387939453125, -0.01190185546875)","(0.9776611328125, 0.0225830078125, 0.2425537109375, -0.00408935546875)"
153040381691,"(0.967041015625, 0.22998046875, 0.16387939453125, -0.01190185546875)","(0.97760009765625, 0.02276611328125, 0.2427978515625, -0.0042724609375)"
153040388446,"(0.9669189453125, 0.230224609375, 0.1641845703125, -0.01239013671875)","(0.97760009765625, 0.02276611328125, 0.2427978515625, -0.0042724609375)"
153040395240,"(0.96673583984375, 0.2305908203125, 0.16461181640625, -0.01239013671875)","(0.97747802734375, 0.02288818359375, 0.243408203125, -0.0047607421875)"
153040403477,"(0.96673583984375, 0.2305908203125, 0.16461181640625, -0.01239013671875)","(0.9774169921875, 0.02294921875, 0.24359130859375, -0.004638671875)"
153040412349,"(0.96673583984375, 0.23065185546875, 0.16461181640625, -0.0123291015625)","(0.97735595703125, 0.02288818359375, 0.2437744140625, -0.004638671875)"
153040420090,"(0.966796875, 0.23046875, 0.16461181640625, -0.0123291015625)","(0.97735595703125, 0.02288818359375, 0.2437744140625, -0.004638671875)"
153040427147,"(0.9666748046875, 0.2308349609375, 0.16473388671875, -0.0120849609375)","(0.96954345703125, 0.02288818359375, 0.2437744140625, -0.004638671875)"
153040435059,"(0.9666748046875, 0.2308349609375, 0.16473388671875, -0.0120849609375)","(0.97735595703125, 0.02276611328125, 0.243896484375, -0.00457763671875)"
153040442200,"(0.966552734375, 0.2308349609375, 0.16546630859375, -0.01275634765625)","(0.977294921875, 0.022705078125, 0.2440185546875, -0.00439453125)"
153040450021,"(0.96661376953125, 0.23065185546875, 0.165283203125, -0.01202392578125)","(0.97735595703125, 0.022216796875, 0.243896484375, -0.00439453125)"
153040457698,"(0.966552734375, 0.23095703125, 0.165283203125, -0.0115966796875)","(0.97735595703125, 0.022216796875, 0.243896484375, -0.00439453125)"
153040464967,"(0.96661376953125, 0.23126220703125, 0.1646728515625, -0.01116943359375)","(0.97735595703125, 0.02197265625, 0.243896484375, -0.00384521484375)"
153040471776,"(0.96661376953125, 0.23126220703125, 0.1646728515625, -0.01116943359375)","(0.97747802734375, 0.0216064453125, 0.2435302734375, -0.0032958984375)"
153040478085,"(0.9669189453125, 0.230712890625, 0.16363525390625, -0.01116943359375)","(0.97747802734375, 0.0216064453125, 0.2435302734375, -0.0032958984375)"
153040483772,"(0.9669189453125, 0.230712890625, 0.16363525390625, -0.01116943359375)","(0.9774169921875, 0.02154541015625, 0.24371337890625, -0.0035400390625)"
153040490023,"(0.96697998046875, 0.2308349609375, 0.1630859375, -0.01141357421875)","(0.9774169921875, 0.02154541015625, 0.24371337890625, -0.0035400390625)"
153040496748,"(0.9669189453125, 0.23095703125, 0.16326904296875, -0.01129150390625)","(0.9774169921875, 0.02154541015625, 0.24371337890625, -0.0035400390625)"
153040504409,"(0.9669189453125, 0.23095703125, 0.16326904296875, -0.01129150390625)","(0.9774169921875, 0.02142333984375, 0.24365234375, -0.00408935546875)"
153040512479,"(0.9591064453125, 0.230712890625, 0.1636962890625, -0.01104736328125)","(0.97747802734375, 0.02093505859375, 0.243408203125, -0.00421142578125)"
153040521350,"(0.958984375, 0.23095703125, 0.16400146484375, -0.0107421875)","(0.9696044921875, 0.02069091796875, 0.24383544921875, -0.004638671875)"
153040528136,"(0.9588623046875, 0.23114013671875, 0.164306640625, -0.0103759765625)","(0.9696044921875, 0.02069091796875, 0.24383544921875, -0.004638671875)"
153040535059,"(0.9588623046875, 0.23114013671875, 0.164306640625, -0.0103759765625)","(0.969482421875, 0.0205078125, 0.24420166015625, -0.00457763671875)"
153040541654,"(0.95880126953125, 0.23138427734375, 0.16448974609375, -0.01007080078125)","(0.96942138671875, 0.020263671875, 0.2445068359375, -0.0048828125)"
153040549055,"(0.95867919921875, 0.23162841796875, 0.16485595703125, -0.010009765625)","(0.96942138671875, 0.020263671875, 0.2445068359375, -0.0048828125)"
153040556560,"(0.95843505859375, 0.23199462890625, 0.16571044921875, -0.00970458984375)","(0.96942138671875, 0.02032470703125, 0.2445068359375, -0.004638671875)"
153040564386,"(0.95843505859375, 0.23199462890625, 0.16571044921875, -0.00970458984375)","(0.96942138671875, 0.0206298828125, 0.24456787109375, -0.00469970703125)"
153040571250,"(0.95831298828125, 0.2322998046875, 0.16607666015625, -0.00946044921875)","(0.96942138671875, 0.0206298828125, 0.24456787109375, -0.00469970703125)"
153040577707,"(0.95831298828125, 0.23223876953125, 0.1661376953125, -0.00970458984375)","(0.96942138671875, 0.0208740234375, 0.24456787109375, -0.00457763671875)"
153040583775,"(0.95831298828125, 0.23223876953125, 0.1661376953125, -0.00970458984375)","(0.96942138671875, 0.0206298828125, 0.24456787109375, -0.00457763671875)"
153040589709,"(0.95843505859375, 0.23193359375, 0.16583251953125, -0.01007080078125)","(0.96942138671875, 0.0206298828125, 0.24456787109375, -0.00457763671875)"
153040597183,"(0.95849609375, 0.23199462890625, 0.1654052734375, -0.01068115234375)","(0.9693603515625, 0.0208740234375, 0.24481201171875, -0.00457763671875)"
153040603795,"(0.95849609375, 0.23199462890625, 0.1654052734375, -0.01068115234375)","(0.9693603515625, 0.0211181640625, 0.24462890625, -0.00439453125)"
153040610928,"(0.95855712890625, 0.23193359375, 0.16497802734375, -0.01068115234375)","(0.9693603515625, 0.0211181640625, 0.24462890625, -0.00439453125)"
153040618783,"(0.95867919921875, 0.23193359375, 0.16436767578125, -0.0107421875)","(0.96942138671875, 0.02105712890625, 0.2445068359375, -0.004150390625)"
153040624071,"(0.95867919921875, 0.23193359375, 0.16436767578125, -0.0107421875)","(0.96942138671875, 0.02105712890625, 0.24444580078125, -0.00445556640625)"
153040629580,"(0.95892333984375, 0.23162841796875, 0.1634521484375, -0.01123046875)","(0.96942138671875, 0.02105712890625, 0.24444580078125, -0.00445556640625)"
153040634682,"(0.95892333984375, 0.23162841796875, 0.1634521484375, -0.01123046875)","(0.96954345703125, 0.0211181640625, 0.24395751953125, -0.0040283203125)"
153040640201,"(0.95916748046875, 0.2313232421875, 0.1624755859375, -0.01104736328125)","(0.96954345703125, 0.0211181640625, 0.24395751953125, -0.0040283203125)"
153040647971,"(0.9593505859375, 0.23150634765625, 0.1611328125, -0.01129150390625)","(0.9696044921875, 0.02105712890625, 0.24371337890625, -0.0040283203125)"
153040653668,"(0.9593505859375, 0.23150634765625, 0.1611328125, -0.01129150390625)","(0.96966552734375, 0.02093505859375, 0.2435302734375, -0.004150390625)"
153040660665,"(0.95947265625, 0.23150634765625, 0.16015625, -0.01202392578125)","(0.96966552734375, 0.02093505859375, 0.2435302734375, -0.004150390625)"
153040668400,"(0.95953369140625, 0.23175048828125, 0.1593017578125, -0.0120849609375)","(0.9696044921875, 0.021240234375, 0.24371337890625, -0.00433349609375)"
153040673751,"(0.95953369140625, 0.23175048828125, 0.1593017578125, -0.0120849609375)","(0.9696044921875, 0.021240234375, 0.24371337890625, -0.00433349609375)"
153040679093,"(0.95965576171875, 0.23175048828125, 0.158935546875, -0.01239013671875)","(0.96966552734375, 0.02117919921875, 0.243408203125, -0.0040283203125)"
153040684517,"(0.95965576171875, 0.23175048828125, 0.158935546875, -0.01239013671875)","(0.96966552734375, 0.02117919921875, 0.243408203125, -0.0040283203125)"
153040689622,"(0.9595947265625, 0.231689453125, 0.1591796875, -0.01263427734375)","(0.96966552734375, 0.0211181640625, 0.243408203125, -0.00384521484375)"
153040695603,"(0.9595947265625, 0.231689453125, 0.1591796875, -0.01263427734375)","(0.9697265625, 0.02099609375, 0.24334716796875, -0.004150390625)"
153040702864,"(0.95965576171875, 0.23150634765625, 0.15924072265625, -0.01287841796875)","(0.9696044921875, 0.0208740234375, 0.24365234375, -0.00445556640625)"
153040710155,"(0.95947265625, 0.23175048828125, 0.15960693359375, -0.0128173828125)","(0.9696044921875, 0.0208740234375, 0.24365234375, -0.00445556640625)"
153040717315,"(0.95941162109375, 0.23175048828125, 0.1600341796875, -0.0130615234375)","(0.969482421875, 0.02081298828125, 0.24420166015625, -0.00469970703125)"
153040723443,"(0.95941162109375, 0.23175048828125, 0.1600341796875, -0.0130615234375)","(0.969482421875, 0.02081298828125, 0.24420166015625, -0.00469970703125)"
153040729165,"(0.95947265625, 0.2318115234375, 0.15985107421875, -0.01300048828125)","(0.96942138671875, 0.02093505859375, 0.24432373046875, -0.0047607421875)"
153040735210,"(0.95947265625, 0.2318115234375, 0.15985107421875, -0.01300048828125)","(0.96929931640625, 0.021240234375, 0.244873046875, -0.00494384765625)"
153040741181,"(0.95941162109375, 0.23199462890625, 0.15985107421875, -0.01275634765625)","(0.96929931640625, 0.021240234375, 0.244873046875, -0.00494384765625)"
153040747887,"(0.95928955078125, 0.2322998046875, 0.1600341796875, -0.012939453125)","(0.9693603515625, 0.02142333984375, 0.24468994140625, -0.0045166015625)"
153040754656,"(0.95928955078125, 0.2322998046875, 0.1600341796875, -0.012939453125)","(0.96942138671875, 0.0211181640625, 0.24456787109375, -0.00421142578125)"
153040761787,"(0.95947265625, 0.23199462890625, 0.15966796875, -0.01275634765625)","(0.96942138671875, 0.0211181640625, 0.24456787109375, -0.00421142578125)"
153040770252,"(0.95953369140625, 0.2315673828125, 0.15966796875, -0.0126953125)","(0.96942138671875, 0.0211181640625, 0.244384765625, -0.00421142578125)"
153040776475,"(0.95953369140625, 0.2315673828125, 0.15966796875, -0.0126953125)","(0.9693603515625, 0.0208740234375, 0.24462890625, -0.0042724609375)"
153040782081,"(0.95953369140625, 0.23162841796875, 0.1595458984375, -0.0125732421875)","(0.9693603515625, 0.0208740234375, 0.24462890625, -0.0042724609375)"
153040787906,"(0.95953369140625, 0.23175048828125, 0.15948486328125, -0.012939453125)","(0.96923828125, 0.021240234375, 0.2451171875, -0.00384521484375)"
153040794148,"(0.95953369140625, 0.23175048828125, 0.15948486328125, -0.012939453125)","(0.96923828125, 0.02105712890625, 0.24517822265625, -0.00408935546875)"
153040802076,"(0.9595947265625, 0.23162841796875, 0.15936279296875, -0.0123291015625)","(0.96923828125, 0.02105712890625, 0.24517822265625, -0.00408935546875)"
153040810506,"(0.959716796875, 0.23126220703125, 0.158935546875, -0.0123291015625)","(0.9693603515625, 0.02105712890625, 0.24481201171875, -0.0037841796875)"
153040817084,"(0.959716796875, 0.2310791015625, 0.15936279296875, -0.01214599609375)","(0.9693603515625, 0.0211181640625, 0.24462890625, -0.0035400390625)"
153040823796,"(0.967529296875, 0.2310791015625, 0.15936279296875, -0.01214599609375)","(0.9771728515625, 0.0211181640625, 0.24462890625, -0.0035400390625)"
153040830721,"(0.9674072265625, 0.2313232421875, 0.15960693359375, -0.011962890625)","(0.97723388671875, 0.02099609375, 0.2445068359375, -0.0032958984375)"
153040836772,"(0.9595947265625, 0.2313232421875, 0.15960693359375, -0.011962890625)","(0.9771728515625, 0.02117919921875, 0.24462890625, -0.00347900390625)"
153040843592,"(0.96734619140625, 0.23162841796875, 0.15966796875, -0.01214599609375)","(0.9693603515625, 0.02117919921875, 0.24462890625, -0.00347900390625)"
153040851544,"(0.96722412109375, 0.23193359375, 0.159912109375, -0.01220703125)","(0.97711181640625, 0.02105712890625, 0.24481201171875, -0.00347900390625)"
153040860696,"(0.96728515625, 0.23193359375, 0.15972900390625, -0.01202392578125)","(0.9771728515625, 0.02105712890625, 0.24462890625, -0.00360107421875)"
153040868105,"(0.96728515625, 0.23193359375, 0.15972900390625, -0.0123291015625)","(0.97723388671875, 0.02044677734375, 0.24456787109375, -0.00372314453125)"
153040875191,"(0.96728515625, 0.23193359375, 0.15972900390625, -0.0123291015625)","(0.97723388671875, 0.02044677734375, 0.24456787109375, -0.00372314453125)"
153040881455,"(0.96722412109375, 0.2325439453125, 0.15924072265625, -0.0123291015625)","(0.97723388671875, 0.0203857421875, 0.24456787109375, -0.004150390625)"
153040889478,"(0.96728515625, 0.232421875, 0.15899658203125, -0.012451171875)","(0.9771728515625, 0.0203857421875, 0.24462890625, -0.0047607421875)"
153040897143,"(0.95947265625, 0.232421875, 0.15899658203125, -0.012451171875)","(0.9771728515625, 0.0203857421875, 0.24481201171875, -0.0048828125)"
153040904736,"(0.96728515625, 0.232421875, 0.1588134765625, -0.0123291015625)","(0.9693603515625, 0.0203857421875, 0.24481201171875, -0.0048828125)"
153040912756,"(0.96728515625, 0.23248291015625, 0.1585693359375, -0.01263427734375)","(0.9693603515625, 0.0201416015625, 0.24481201171875, -0.0050048828125)"
153040922085,"(0.95965576171875, 0.23223876953125, 0.15814208984375, -0.012939453125)","(0.96929931640625, 0.02020263671875, 0.2451171875, -0.0050048828125)"
153040928349,"(0.95965576171875, 0.23223876953125, 0.15814208984375, -0.012939453125)","(0.96923828125, 0.02032470703125, 0.2452392578125, -0.005126953125)"
153040934115,"(0.95989990234375, 0.2315673828125, 0.15765380859375, -0.01318359375)","(0.96923828125, 0.02032470703125, 0.2452392578125, -0.005126953125)"
153040939798,"(0.96002197265625, 0.231201171875, 0.15704345703125, -0.01318359375)","(0.96917724609375, 0.0203857421875, 0.24554443359375, -0.00494384765625)"
153040945856,"(0.96002197265625, 0.231201171875, 0.15704345703125, -0.01318359375)","(0.9691162109375, 0.0206298828125, 0.24566650390625, -0.00482177734375)"
153040953355,"(0.9599609375, 0.2314453125, 0.1571044921875, -0.0126953125)","(0.9691162109375, 0.0206298828125, 0.24566650390625, -0.00482177734375)"
153040961738,"(0.96002197265625, 0.23126220703125, 0.15716552734375, -0.01275634765625)","(0.9691162109375, 0.0205078125, 0.2457275390625, -0.0047607421875)"
153040968905,"(0.96002197265625, 0.23126220703125, 0.15716552734375, -0.01287841796875)","(0.96905517578125, 0.020751953125, 0.24603271484375, -0.00482177734375)"
153040976021,"(0.96002197265625, 0.23126220703125, 0.15716552734375, -0.01287841796875)","(0.96905517578125, 0.020751953125, 0.24603271484375, -0.00482177734375)"
153040983513,"(0.9599609375, 0.2313232421875, 0.1573486328125, -0.0128173828125)","(0.9691162109375, 0.02069091796875, 0.24566650390625, -0.0048828125)"
153040990040,"(0.9599609375, 0.2314453125, 0.15716552734375, -0.01263427734375)","(0.9691162109375, 0.0206298828125, 0.24566650390625, -0.00506591796875)"
153040995698,"(0.9599609375, 0.2314453125, 0.15716552734375, -0.01263427734375)","(0.9691162109375, 0.0206298828125, 0.24566650390625, -0.00506591796875)"
153041004180,"(0.95989990234375, 0.23175048828125, 0.1572265625, -0.01275634765625)","(0.96905517578125, 0.02069091796875, 0.24591064453125, -0.0048828125)"
153041012649,"(0.9598388671875, 0.23199462890625, 0.15704345703125, -0.01300048828125)","(0.96905517578125, 0.0211181640625, 0.24578857421875, -0.00482177734375)"
153041020794,"(0.9599609375, 0.2320556640625, 0.156494140625, -0.0128173828125)","(0.96905517578125, 0.02105712890625, 0.2459716796875, -0.0042724609375)"
153041026687,"(0.9599609375, 0.2320556640625, 0.156494140625, -0.0128173828125)","(0.96905517578125, 0.02105712890625, 0.2459716796875, -0.0042724609375)"
153041032069,"(0.9600830078125, 0.23193359375, 0.1556396484375, -0.01287841796875)","(0.96905517578125, 0.02099609375, 0.24578857421875, -0.004150390625)"
153041038202,"(0.9600830078125, 0.23193359375, 0.1556396484375, -0.01287841796875)","(0.96905517578125, 0.02099609375, 0.24578857421875, -0.004150390625)"
153041044017,"(0.960205078125, 0.231689453125, 0.15545654296875, -0.0126953125)","(0.9691162109375, 0.02105712890625, 0.24578857421875, -0.0045166015625)"
153041050484,"(0.96026611328125, 0.2313232421875, 0.155517578125, -0.0125732421875)","(0.96917724609375, 0.02105712890625, 0.24554443359375, -0.00457763671875)"
153041056138,"(0.96026611328125, 0.2313232421875, 0.155517578125, -0.0125732421875)","(0.96917724609375, 0.02105712890625, 0.24554443359375, -0.00457763671875)"
153041064707,"(0.96026611328125, 0.2313232421875, 0.15576171875, -0.01226806640625)","(0.96929931640625, 0.02081298828125, 0.24505615234375, -0.0045166015625)"
153041073504,"(0.960205078125, 0.23150634765625, 0.15570068359375, -0.01171875)","(0.96923828125, 0.0211181640625, 0.24517822265625, -0.0047607421875)"
153041078988,"(0.960205078125, 0.23150634765625, 0.15570068359375, -0.01171875)","(0.9693603515625, 0.02142333984375, 0.24462890625, -0.00433349609375)"
153041085632,"(0.9603271484375, 0.23114013671875, 0.1556396484375, -0.01214599609375)","(0.9693603515625, 0.02142333984375, 0.24462890625, -0.00433349609375)"
153041091094,"(0.9603271484375, 0.2308349609375, 0.156005859375, -0.012451171875)","(0.96942138671875, 0.02191162109375, 0.2445068359375, -0.00445556640625)"
153041096780,"(0.9603271484375, 0.2308349609375, 0.156005859375, -0.012451171875)","(0.96942138671875, 0.02191162109375, 0.2445068359375, -0.00445556640625)"
153041105237,"(0.96026611328125, 0.2308349609375, 0.15631103515625, -0.01239013671875)","(0.96942138671875, 0.02197265625, 0.24432373046875, -0.004638671875)"
153041113802,"(0.9603271484375, 0.23077392578125, 0.15618896484375, -0.012451171875)","(0.96942138671875, 0.02203369140625, 0.24432373046875, -0.00494384765625)"
153041121769,"(0.96820068359375, 0.23077392578125, 0.15582275390625, -0.0125732421875)","(0.9771728515625, 0.02215576171875, 0.24468994140625, -0.00518798828125)"
153041128172,"(0.96820068359375, 0.23077392578125, 0.15582275390625, -0.0125732421875)","(0.9771728515625, 0.02215576171875, 0.24468994140625, -0.00518798828125)"
153041133971,"(0.96826171875, 0.23052978515625, 0.15545654296875, -0.0128173828125)","(0.9771728515625, 0.0224609375, 0.24444580078125, -0.00543212890625)"
153041140184,"(0.96832275390625, 0.23077392578125, 0.155029296875, -0.01275634765625)","(0.97723388671875, 0.02252197265625, 0.24432373046875, -0.0054931640625)"
153041147268,"(0.96832275390625, 0.23077392578125, 0.155029296875, -0.01275634765625)","(0.97723388671875, 0.02252197265625, 0.24432373046875, -0.0054931640625)"
153041155560,"(0.9681396484375, 0.2313232421875, 0.1551513671875, -0.01324462890625)","(0.977294921875, 0.02264404296875, 0.2440185546875, -0.0054931640625)"
153041165124,"(0.9681396484375, 0.2314453125, 0.155029296875, -0.01361083984375)","(0.977294921875, 0.02215576171875, 0.24395751953125, -0.005859375)"
153041175293,"(0.968017578125, 0.2318115234375, 0.15521240234375, -0.0137939453125)","(0.977294921875, 0.0220947265625, 0.244140625, -0.00604248046875)"
153041182831,"(0.968017578125, 0.23187255859375, 0.15509033203125, -0.013427734375)","(0.977294921875, 0.02203369140625, 0.2440185546875, -0.0062255859375)"
153041189845,"(0.968017578125, 0.23187255859375, 0.15509033203125, -0.013427734375)","(0.977294921875, 0.02203369140625, 0.2440185546875, -0.0062255859375)"
153041195971,"(0.96807861328125, 0.23175048828125, 0.15478515625, -0.01397705078125)","(0.977294921875, 0.022216796875, 0.244140625, -0.00628662109375)"
153041205639,"(0.968017578125, 0.23199462890625, 0.15478515625, -0.01397705078125)","(0.977294921875, 0.02215576171875, 0.24407958984375, -0.0064697265625)"
153041215655,"(0.968017578125, 0.23211669921875, 0.15472412109375, -0.01397705078125)","(0.97723388671875, 0.02191162109375, 0.2442626953125, -0.00640869140625)"
153041224957,"(0.96807861328125, 0.23199462890625, 0.154541015625, -0.0142822265625)","(0.977294921875, 0.022216796875, 0.24420166015625, -0.00634765625)"
153041231739,"(0.9681396484375, 0.23175048828125, 0.154296875, -0.0152587890625)","(0.9771728515625, 0.0225830078125, 0.2445068359375, -0.006591796875)"
153041238296,"(0.9681396484375, 0.23175048828125, 0.154296875, -0.0152587890625)","(0.9771728515625, 0.0225830078125, 0.2445068359375, -0.006591796875)"
153041244656,"(0.96820068359375, 0.23162841796875, 0.154052734375, -0.01544189453125)","(0.97711181640625, 0.022705078125, 0.24481201171875, -0.00701904296875)"
153041250408,"(0.9681396484375, 0.23199462890625, 0.15399169921875, -0.01593017578125)","(0.97711181640625, 0.0228271484375, 0.24481201171875, -0.00714111328125)"
153041257823,"(0.9681396484375, 0.23199462890625, 0.15399169921875, -0.01593017578125)","(0.96929931640625, 0.0228271484375, 0.24481201171875, -0.00714111328125)"
153041266929,"(0.96820068359375, 0.23175048828125, 0.154052734375, -0.01593017578125)","(0.97705078125, 0.02276611328125, 0.24505615234375, -0.00714111328125)"
153041276921,"(0.9681396484375, 0.23175048828125, 0.1541748046875, -0.01605224609375)","(0.9769287109375, 0.0230712890625, 0.2454833984375, -0.00750732421875)"
153041283314,"(0.96820068359375, 0.23162841796875, 0.15411376953125, -0.0162353515625)","(0.97698974609375, 0.0230712890625, 0.2452392578125, -0.00738525390625)"
153041290264,"(0.96820068359375, 0.23162841796875, 0.15411376953125, -0.0162353515625)","(0.97698974609375, 0.0230712890625, 0.2452392578125, -0.00738525390625)"
153041297480,"(0.96826171875, 0.2314453125, 0.15380859375, -0.01641845703125)","(0.97711181640625, 0.0230712890625, 0.24456787109375, -0.0069580078125)"
153041306711,"(0.96820068359375, 0.23162841796875, 0.154052734375, -0.0166015625)","(0.9771728515625, 0.02313232421875, 0.24456787109375, -0.0069580078125)"
153041316154,"(0.9681396484375, 0.23187255859375, 0.1541748046875, -0.0159912109375)","(0.96929931640625, 0.02337646484375, 0.24468994140625, -0.007080078125)"
153041325941,"(0.9603271484375, 0.2318115234375, 0.154296875, -0.01611328125)","(0.96929931640625, 0.02294921875, 0.24468994140625, -0.0069580078125)"
153041331756,"(0.96051025390625, 0.2313232421875, 0.1539306640625, -0.0157470703125)","(0.96929931640625, 0.02294921875, 0.24468994140625, -0.0069580078125)"
153041338052,"(0.96051025390625, 0.2313232421875, 0.1539306640625, -0.0157470703125)","(0.96929931640625, 0.022705078125, 0.2447509765625, -0.00726318359375)"
153041344024,"(0.96038818359375, 0.2237548828125, 0.1541748046875, -0.01568603515625)","(0.96929931640625, 0.02276611328125, 0.2447509765625, -0.00750732421875)"
153041349590,"(0.96038818359375, 0.2315673828125, 0.1541748046875, -0.01568603515625)","(0.96929931640625, 0.02276611328125, 0.2447509765625, -0.00750732421875)"
153041357855,"(0.9603271484375, 0.23175048828125, 0.15435791015625, -0.0159912109375)","(0.96929931640625, 0.0228271484375, 0.24456787109375, -0.0078125)"
153041366861,"(0.96026611328125, 0.23187255859375, 0.1544189453125, -0.01629638671875)","(0.96929931640625, 0.02294921875, 0.24456787109375, -0.0081787109375)"
153041376047,"(0.96044921875, 0.23150634765625, 0.1539306640625, -0.0166015625)","(0.96929931640625, 0.0230712890625, 0.24456787109375, -0.00799560546875)"
153041381406,"(0.96038818359375, 0.2318115234375, 0.1536865234375, -0.016357421875)","(0.96929931640625, 0.0230712890625, 0.24456787109375, -0.00799560546875)"
153041387828,"(0.96038818359375, 0.2318115234375, 0.1536865234375, -0.016357421875)","(0.9693603515625, 0.023193359375, 0.2445068359375, -0.0076904296875)"
153041393183,"(0.96038818359375, 0.23193359375, 0.15350341796875, -0.01666259765625)","(0.9693603515625, 0.023193359375, 0.2445068359375, -0.0076904296875)"
153041399506,"(0.96038818359375, 0.23193359375, 0.15350341796875, -0.01666259765625)","(0.9693603515625, 0.02337646484375, 0.244384765625, -0.008056640625)"
153041408388,"(0.96051025390625, 0.23162841796875, 0.15313720703125, -0.016845703125)","(0.96929931640625, 0.02337646484375, 0.24456787109375, -0.00836181640625)"
153041416920,"(0.96075439453125, 0.2314453125, 0.15216064453125, -0.0162353515625)","(0.96929931640625, 0.02349853515625, 0.24462890625, -0.00897216796875)"
153041426282,"(0.968505859375, 0.23162841796875, 0.15216064453125, -0.01568603515625)","(0.9771728515625, 0.0233154296875, 0.24432373046875, -0.0089111328125)"
153041432682,"(0.96844482421875, 0.2315673828125, 0.152587890625, -0.01556396484375)","(0.9771728515625, 0.0233154296875, 0.24432373046875, -0.0089111328125)"
153041438800,"(0.96844482421875, 0.2315673828125, 0.152587890625, -0.01556396484375)","(0.9771728515625, 0.02325439453125, 0.24444580078125, -0.00927734375)"
153041448798,"(0.968505859375, 0.23162841796875, 0.15216064453125, -0.015380859375)","(0.97723388671875, 0.02288818359375, 0.24407958984375, -0.0086669921875)"
153041458238,"(0.968505859375, 0.2318115234375, 0.15216064453125, -0.01519775390625)","(0.977294921875, 0.02294921875, 0.243896484375, -0.00872802734375)"
153041468041,"(0.96075439453125, 0.23193359375, 0.1514892578125, -0.01507568359375)","(0.977294921875, 0.0228271484375, 0.243896484375, -0.00823974609375)"
153041477651,"(0.96856689453125, 0.2322998046875, 0.1507568359375, -0.01568603515625)","(0.97735595703125, 0.02294921875, 0.24365234375, -0.00823974609375)"
153041484207,"(0.96856689453125, 0.2322998046875, 0.1507568359375, -0.015380859375)","(0.96954345703125, 0.02294921875, 0.24365234375, -0.00823974609375)"
153041490522,"(0.96856689453125, 0.2322998046875, 0.1507568359375, -0.015380859375)","(0.9774169921875, 0.02301025390625, 0.2435302734375, -0.00836181640625)"
153041497094,"(0.968505859375, 0.2322998046875, 0.15118408203125, -0.01531982421875)","(0.97735595703125, 0.02313232421875, 0.24365234375, -0.00830078125)"
153041504635,"(0.96844482421875, 0.232421875, 0.15130615234375, -0.01513671875)","(0.97735595703125, 0.0228271484375, 0.24365234375, -0.00823974609375)"
153041511340,"(0.96832275390625, 0.23260498046875, 0.15191650390625, -0.0155029296875)","(0.96954345703125, 0.0228271484375, 0.24365234375, -0.00823974609375)"
153041519935,"(0.96832275390625, 0.23260498046875, 0.15191650390625, -0.0155029296875)","(0.96954345703125, 0.0225830078125, 0.24371337890625, -0.0079345703125)"
153041529549,"(0.9605712890625, 0.2325439453125, 0.1517333984375, -0.0159912109375)","(0.969482421875, 0.02264404296875, 0.24395751953125, -0.0078125)"
153041535259,"(0.96063232421875, 0.2322998046875, 0.1517333984375, -0.01593017578125)","(0.969482421875, 0.02264404296875, 0.24395751953125, -0.0078125)"
153041541370,"(0.96063232421875, 0.2322998046875, 0.1517333984375, -0.01593017578125)","(0.969482421875, 0.02264404296875, 0.24407958984375, -0.00811767578125)"
153041546968,"(0.96063232421875, 0.232421875, 0.15142822265625, -0.01617431640625)","(0.9693603515625, 0.02276611328125, 0.2445068359375, -0.008544921875)"
153041552855,"(0.9605712890625, 0.23284912109375, 0.15118408203125, -0.0162353515625)","(0.9693603515625, 0.02276611328125, 0.2445068359375, -0.008544921875)"
153041561018,"(0.9605712890625, 0.23284912109375, 0.15118408203125, -0.0162353515625)","(0.96942138671875, 0.0228271484375, 0.24420166015625, -0.0084228515625)"
153041569364,"(0.96051025390625, 0.23284912109375, 0.15130615234375, -0.0159912109375)","(0.969482421875, 0.02276611328125, 0.24407958984375, -0.00823974609375)"
153041577181,"(0.96044921875, 0.23309326171875, 0.1513671875, -0.015869140625)","(0.96954345703125, 0.0225830078125, 0.24383544921875, -0.0079345703125)"
153041583878,"(0.96044921875, 0.23309326171875, 0.1514892578125, -0.01593017578125)","(0.96954345703125, 0.0225830078125, 0.24383544921875, -0.0079345703125)"
153041589571,"(0.96044921875, 0.23309326171875, 0.1514892578125, -0.01593017578125)","(0.96966552734375, 0.0224609375, 0.24334716796875, -0.007568359375)"
153041597823,"(0.96026611328125, 0.233642578125, 0.1517333984375, -0.0157470703125)","(0.96966552734375, 0.02252197265625, 0.24322509765625, -0.00738525390625)"
153041606220,"(0.96026611328125, 0.23388671875, 0.15155029296875, -0.01556396484375)","(0.9697265625, 0.0223388671875, 0.24310302734375, -0.0072021484375)"
153041612969,"(0.9603271484375, 0.23382568359375, 0.15130615234375, -0.01544189453125)","(0.9697265625, 0.0223388671875, 0.24310302734375, -0.0072021484375)"
153041621342,"(0.9603271484375, 0.23382568359375, 0.15130615234375, -0.01544189453125)","(0.96966552734375, 0.0223388671875, 0.243408203125, -0.0076904296875)"
153041630789,"(0.96051025390625, 0.2335205078125, 0.1507568359375, -0.01507568359375)","(0.96966552734375, 0.02239990234375, 0.24322509765625, -0.00750732421875)"
153041636910,"(0.9605712890625, 0.23345947265625, 0.15032958984375, -0.01507568359375)","(0.96966552734375, 0.02239990234375, 0.24322509765625, -0.00750732421875)"
153041642759,"(0.9605712890625, 0.233642578125, 0.14984130859375, -0.0155029296875)","(0.9696044921875, 0.02227783203125, 0.24359130859375, -0.0074462890625)"
153041649662,"(0.9605712890625, 0.233642578125, 0.14984130859375, -0.0155029296875)","(None, None, None, None)"
153041656341,"(0.960693359375, 0.2333984375, 0.14959716796875, -0.01605224609375)","(None, None, None, None)"
153041659596,"(0.960693359375, 0.2333984375, 0.14959716796875, -0.01605224609375)","(0.969482421875, 0.0223388671875, 0.244140625, -0.00738525390625)"
153041669104,"(0.96075439453125, 0.2330322265625, 0.14947509765625, -0.01611328125)","(0.969482421875, 0.02203369140625, 0.2440185546875, -0.00750732421875)"
153041679444,"(0.96075439453125, 0.2330322265625, 0.149658203125, -0.01617431640625)","(0.96954345703125, 0.02191162109375, 0.2437744140625, -0.0074462890625)"
153041686913,"(0.960693359375, 0.2330322265625, 0.1500244140625, -0.015869140625)","(0.969482421875, 0.0220947265625, 0.24395751953125, -0.0074462890625)"
153041694859,"(0.9605712890625, 0.2330322265625, 0.15069580078125, -0.01611328125)","(0.969482421875, 0.02215576171875, 0.244140625, -0.00775146484375)"
153041704911,"(0.96051025390625, 0.2332763671875, 0.15069580078125, -0.0164794921875)","(0.969482421875, 0.02215576171875, 0.244140625, -0.00775146484375)"
153041713301,"(0.96063232421875, 0.233154296875, 0.1502685546875, -0.01654052734375)","(0.9696044921875, 0.0220947265625, 0.24365234375, -0.00799560546875)"
153041720896,"(0.96063232421875, 0.233154296875, 0.1502685546875, -0.01654052734375)","(0.9696044921875, 0.02197265625, 0.2435302734375, -0.0081787109375)"
153041726544,"(0.96051025390625, 0.2335205078125, 0.150390625, -0.01641845703125)","(0.9696044921875, 0.02197265625, 0.2435302734375, -0.0081787109375)"
153041732756,"(0.96051025390625, 0.2335205078125, 0.150390625, -0.01641845703125)","(None, None, None, None)"
153041735446,"(0.96044921875, 0.23370361328125, 0.15045166015625, -0.0166015625)","(0.9696044921875, 0.0220947265625, 0.24359130859375, -0.00830078125)"
153041738888,"(0.96044921875, 0.23370361328125, 0.15045166015625, -0.0166015625)","(0.9696044921875, 0.0220947265625, 0.24359130859375, -0.00830078125)"
153041743124,"(0.96044921875, 0.23370361328125, 0.15045166015625, -0.0166015625)","(0.9697265625, 0.0218505859375, 0.2431640625, -0.0076904296875)"
153041746564,"(0.96051025390625, 0.23358154296875, 0.1502685546875, -0.0164794921875)","(None, None, None, None)"
153041748987,"(0.96051025390625, 0.23358154296875, 0.1502685546875, -0.0164794921875)","(0.9697265625, 0.0218505859375, 0.2431640625, -0.0076904296875)"
153041753217,"(0.96051025390625, 0.23358154296875, 0.1502685546875, -0.0164794921875)","(None, None, None, None)"
153041756834,"(0.96044921875, 0.23394775390625, 0.1500244140625, -0.01617431640625)","(0.9697265625, 0.0218505859375, 0.2431640625, -0.00775146484375)"
153041762007,"(0.96044921875, 0.23394775390625, 0.1500244140625, -0.01617431640625)","(0.96966552734375, 0.02178955078125, 0.24334716796875, -0.00775146484375)"
153041767420,"(None, None, None, None)","(None, None, None, None)"
153041768848,"(0.9603271484375, 0.234130859375, 0.15057373046875, -0.0164794921875)","(0.96978759765625, 0.0216064453125, 0.24285888671875, -0.00799560546875)"
153041774019,"(0.96026611328125, 0.23419189453125, 0.1507568359375, -0.0166015625)","(0.96978759765625, 0.0216064453125, 0.24285888671875, -0.00799560546875)"
153041779739,"(0.96026611328125, 0.23419189453125, 0.1507568359375, -0.0166015625)","(0.96978759765625, 0.021728515625, 0.24285888671875, -0.00830078125)"
153041785326,"(0.960205078125, 0.23443603515625, 0.1507568359375, -0.01641845703125)","(None, None, None, None)"
153041787773,"(0.960205078125, 0.23443603515625, 0.1507568359375, -0.01641845703125)","(0.96978759765625, 0.021728515625, 0.24285888671875, -0.00830078125)"
153041791364,"(0.960205078125, 0.23443603515625, 0.1507568359375, -0.01641845703125)","(None, None, None, None)"
153041794095,"(0.960205078125, 0.23443603515625, 0.1507568359375, -0.01641845703125)","(None, None, None, None)"
153041796559,"(0.9600830078125, 0.23486328125, 0.15093994140625, -0.01568603515625)","(0.9697265625, 0.0218505859375, 0.24298095703125, -0.00836181640625)"
153041800009,"(0.9600830078125, 0.23486328125, 0.15093994140625, -0.01568603515625)","(None, None, None, None)"
153041802907,"(0.9600830078125, 0.23486328125, 0.15093994140625, -0.01568603515625)","(0.96978759765625, 0.02191162109375, 0.24285888671875, -0.0081787109375)"
153041807801,"(0.96014404296875, 0.23504638671875, 0.15057373046875, -0.0155029296875)","(None, None, None, None)"
153041810354,"(0.96014404296875, 0.23504638671875, 0.15057373046875, -0.0155029296875)","(None, None, None, None)"
153041814880,"(0.9599609375, 0.23565673828125, 0.1507568359375, -0.01507568359375)","(0.9697265625, 0.02227783203125, 0.24310302734375, -0.00823974609375)"
153041819949,"(0.9599609375, 0.23565673828125, 0.1507568359375, -0.01507568359375)","(None, None, None, None)"
153041824419,"(0.9598388671875, 0.23541259765625, 0.15167236328125, -0.01507568359375)","(0.9697265625, 0.022216796875, 0.24310302734375, -0.008544921875)"
153041829177,"(0.9598388671875, 0.23541259765625, 0.15167236328125, -0.01507568359375)","(None, None, None, None)"
153041831808,"(0.9598388671875, 0.23541259765625, 0.15167236328125, -0.01507568359375)","(None, None, None, None)"
153041834632,"(0.9598388671875, 0.23541259765625, 0.15167236328125, -0.01507568359375)","(0.96966552734375, 0.0220947265625, 0.24322509765625, -0.00872802734375)"
153041838339,"(0.96002197265625, 0.234619140625, 0.15185546875, -0.01544189453125)","(0.96966552734375, 0.0220947265625, 0.24322509765625, -0.00872802734375)"
153041841747,"(0.96002197265625, 0.234619140625, 0.15185546875, -0.01544189453125)","(None, None, None, None)"
153041844476,"(0.96002197265625, 0.234619140625, 0.15185546875, -0.01544189453125)","(None, None, None, None)"
153041846920,"(0.96026611328125, 0.23388671875, 0.151611328125, -0.015380859375)","(None, None, None, None)"
153041849384,"(0.96026611328125, 0.23388671875, 0.151611328125, -0.015380859375)","(0.96966552734375, 0.02166748046875, 0.24322509765625, -0.00885009765625)"
153041853024,"(0.96026611328125, 0.23388671875, 0.151611328125, -0.015380859375)","(0.9697265625, 0.0213623046875, 0.24322509765625, -0.0086669921875)"
153041858093,"(0.96026611328125, 0.23370361328125, 0.1517333984375, -0.0155029296875)","(None, None, None, None)"
153041860877,"(0.96026611328125, 0.23370361328125, 0.1517333984375, -0.0155029296875)","(None, None, None, None)"
153041865341,"(0.9603271484375, 0.23345947265625, 0.151611328125, -0.01544189453125)","(0.9697265625, 0.02154541015625, 0.24322509765625, -0.0086669921875)"
153041869651,"(0.9603271484375, 0.23345947265625, 0.151611328125, -0.01544189453125)","(0.9697265625, 0.02142333984375, 0.2430419921875, -0.00848388671875)"
153041875737,"(0.96051025390625, 0.233154296875, 0.1512451171875, -0.0155029296875)","(0.9697265625, 0.02142333984375, 0.2430419921875, -0.00848388671875)"
153041880122,"(0.96051025390625, 0.233154296875, 0.1512451171875, -0.0155029296875)","(None, None, None, None)"
153041882721,"(0.96051025390625, 0.233154296875, 0.1512451171875, -0.0155029296875)","(0.9697265625, 0.02130126953125, 0.2430419921875, -0.00885009765625)"
153041886518,"(0.96044921875, 0.2330322265625, 0.15167236328125, -0.015625)","(0.9697265625, 0.02130126953125, 0.2430419921875, -0.00885009765625)"
153041889872,"(0.96044921875, 0.2330322265625, 0.15167236328125, -0.015625)","(None, None, None, None)"
153041892401,"(0.96044921875, 0.2330322265625, 0.15167236328125, -0.015625)","(0.96978759765625, 0.0211181640625, 0.24285888671875, -0.009033203125)"
153041896257,"(0.96044921875, 0.233154296875, 0.15155029296875, -0.0155029296875)","(0.96978759765625, 0.0211181640625, 0.24285888671875, -0.009033203125)"
153041899613,"(0.96044921875, 0.233154296875, 0.15155029296875, -0.0155029296875)","(0.96978759765625, 0.0211181640625, 0.24285888671875, -0.009033203125)"
153041902978,"(0.96044921875, 0.233154296875, 0.15155029296875, -0.0155029296875)","(0.96978759765625, 0.0211181640625, 0.2427978515625, -0.00958251953125)"
153041908479,"(0.96063232421875, 0.23223876953125, 0.15155029296875, -0.0162353515625)","(None, None, None, None)"
153041911127,"(0.96063232421875, 0.23223876953125, 0.15155029296875, -0.0162353515625)","(None, None, None, None)"
153041915641,"(0.96075439453125, 0.2315673828125, 0.15167236328125, -0.0164794921875)","(0.9697265625, 0.02105712890625, 0.2430419921875, -0.0103759765625)"
153041919869,"(0.96075439453125, 0.2315673828125, 0.14385986328125, -0.0164794921875)","(None, None, None, None)"
153041923057,"(0.96075439453125, 0.2315673828125, 0.15167236328125, -0.0164794921875)","(0.96966552734375, 0.02105712890625, 0.2431640625, -0.01123046875)"
153041928913,"(0.9610595703125, 0.23046875, 0.15142822265625, -0.0172119140625)","(0.96966552734375, 0.02105712890625, 0.2431640625, -0.01123046875)"
153041934109,"(0.9610595703125, 0.23046875, 0.15142822265625, -0.0172119140625)","(None, None, None, None)"
153041936860,"(0.9613037109375, 0.22943115234375, 0.1514892578125, -0.01837158203125)","(None, None, None, None)"
153041939099,"(0.9613037109375, 0.22943115234375, 0.1514892578125, -0.01837158203125)","(None, None, None, None)"
153041941269,"(0.9613037109375, 0.22943115234375, 0.1514892578125, -0.01837158203125)","(0.9697265625, 0.02032470703125, 0.24310302734375, -0.01165771484375)"
153041944963,"(0.9613037109375, 0.22943115234375, 0.1514892578125, -0.01837158203125)","(0.9697265625, 0.01971435546875, 0.24310302734375, -0.01190185546875)"
153041948954,"(0.96160888671875, 0.22821044921875, 0.1512451171875, -0.0191650390625)","(0.9697265625, 0.01971435546875, 0.24310302734375, -0.01190185546875)"
153041952443,"(0.96160888671875, 0.22821044921875, 0.1512451171875, -0.0191650390625)","(0.96978759765625, 0.0186767578125, 0.242919921875, -0.01239013671875)"
153041958347,"(0.96197509765625, 0.22650146484375, 0.151123046875, -0.0205078125)","(None, None, None, None)"
153041960763,"(0.96197509765625, 0.22650146484375, 0.151123046875, -0.0205078125)","(0.9698486328125, 0.0181884765625, 0.2427978515625, -0.0130615234375)"
153041966512,"(0.96221923828125, 0.22509765625, 0.15179443359375, -0.02117919921875)","(0.9698486328125, 0.0181884765625, 0.2427978515625, -0.0130615234375)"
153041970439,"(0.96221923828125, 0.22509765625, 0.15179443359375, -0.02117919921875)","(0.9698486328125, 0.0181884765625, 0.2427978515625, -0.0130615234375)"
153041976632,"(0.96234130859375, 0.2237548828125, 0.15301513671875, -0.02178955078125)","(0.9697265625, 0.01763916015625, 0.2431640625, -0.01397705078125)"
153041981436,"(None, None, None, None)","(0.9697265625, 0.01763916015625, 0.2431640625, -0.01397705078125)"
153041985593,"(0.96246337890625, 0.221923828125, 0.15472412109375, -0.021728515625)","(0.96942138671875, 0.0162353515625, 0.244384765625, -0.01470947265625)"
153041989597,"(0.96246337890625, 0.221923828125, 0.15472412109375, -0.021728515625)","(0.96942138671875, 0.0162353515625, 0.244384765625, -0.01470947265625)"
153041993302,"(0.96246337890625, 0.221923828125, 0.15472412109375, -0.021728515625)","(None, None, None, None)"
153041995712,"(0.96258544921875, 0.219970703125, 0.1566162109375, -0.0220947265625)","(None, None, None, None)"
153041998441,"(0.96258544921875, 0.219970703125, 0.1566162109375, -0.0220947265625)","(None, None, None, None)"
153042000829,"(0.96258544921875, 0.219970703125, 0.1566162109375, -0.0220947265625)","(0.968994140625, 0.01470947265625, 0.24627685546875, -0.01556396484375)"
153042006649,"(0.96270751953125, 0.21826171875, 0.158203125, -0.02288818359375)","(None, None, None, None)"
153042009302,"(0.96270751953125, 0.21826171875, 0.158203125, -0.02288818359375)","(None, None, None, None)"
153042011874,"(0.96270751953125, 0.21826171875, 0.158203125, -0.02288818359375)","(0.9677734375, 0.011474609375, 0.25091552734375, -0.017333984375)"
153042018029,"(0.96270751953125, 0.21673583984375, 0.16009521484375, -0.02325439453125)","(0.9677734375, 0.011474609375, 0.25091552734375, -0.017333984375)"
153042023041,"(0.96270751953125, 0.21673583984375, 0.16009521484375, -0.02325439453125)","(0.96710205078125, 0.00921630859375, 0.25360107421875, -0.018798828125)"
153042028689,"(0.962646484375, 0.21527099609375, 0.162353515625, -0.02410888671875)","(0.96710205078125, 0.00921630859375, 0.25360107421875, -0.018798828125)"
153042033971,"(0.962646484375, 0.21527099609375, 0.162353515625, -0.02410888671875)","(0.96600341796875, 0.00732421875, 0.257568359375, -0.02081298828125)"
153042039688,"(0.96270751953125, 0.21380615234375, 0.1639404296875, -0.02484130859375)","(0.96600341796875, 0.00732421875, 0.257568359375, -0.02081298828125)"
153042043356,"(0.96270751953125, 0.21380615234375, 0.1639404296875, -0.02484130859375)","(0.96600341796875, 0.00732421875, 0.257568359375, -0.02081298828125)"
153042047034,"(0.96282958984375, 0.21240234375, 0.16510009765625, -0.02520751953125)","(0.9644775390625, 0.00604248046875, 0.26300048828125, -0.02337646484375)"
153042050756,"(0.96282958984375, 0.21240234375, 0.16510009765625, -0.02520751953125)","(0.9644775390625, 0.00604248046875, 0.26300048828125, -0.02337646484375)"
153042054199,"(0.96282958984375, 0.21240234375, 0.16510009765625, -0.02520751953125)","(None, None, None, None)"
153042058476,"(0.962890625, 0.210693359375, 0.16656494140625, -0.02581787109375)","(None, None, None, None)"
153042060736,"(0.962890625, 0.210693359375, 0.16656494140625, -0.02581787109375)","(None, None, None, None)"
153042064705,"(0.962890625, 0.210693359375, 0.16656494140625, -0.02581787109375)","(None, None, None, None)"
153042068295,"(0.96307373046875, 0.20867919921875, 0.1680908203125, -0.0260009765625)","(0.960693359375, 0.0025634765625, 0.276123046875, -0.0284423828125)"
153042073432,"(0.96307373046875, 0.20867919921875, 0.1680908203125, -0.0260009765625)","(None, None, None, None)"
153042078139,"(0.96307373046875, 0.20697021484375, 0.17010498046875, -0.02630615234375)","(0.95806884765625, 0.0, 0.28497314453125, -0.0306396484375)"
153042082232,"(0.96307373046875, 0.20697021484375, 0.17010498046875, -0.02630615234375)","(0.95806884765625, 0.0, 0.28497314453125, -0.0306396484375)"
153042087807,"(0.962890625, 0.20526123046875, 0.1734619140625, -0.02618408203125)","(0.9552001953125, -0.00390625, 0.29400634765625, -0.03302001953125)"
153042091410,"(0.962890625, 0.20526123046875, 0.1734619140625, -0.02618408203125)","(None, None, None, None)"
153042093979,"(0.962890625, 0.20526123046875, 0.1734619140625, -0.02618408203125)","(0.9552001953125, -0.00390625, 0.29400634765625, -0.03302001953125)"
153042098172,"(0.96258544921875, 0.20330810546875, 0.17718505859375, -0.02569580078125)","(0.9517822265625, -0.008056640625, 0.30462646484375, -0.03564453125)"
153042101689,"(0.96258544921875, 0.20330810546875, 0.17718505859375, -0.02569580078125)","(0.9517822265625, -0.008056640625, 0.30462646484375, -0.03564453125)"
153042107601,"(0.96209716796875, 0.20098876953125, 0.18280029296875, -0.02490234375)","(None, None, None, None)"
153042110130,"(0.96209716796875, 0.20098876953125, 0.18280029296875, -0.02490234375)","(0.94775390625, -0.0128173828125, 0.31640625, -0.03814697265625)"
153042115616,"(0.961181640625, 0.19879150390625, 0.18975830078125, -0.02386474609375)","(0.9434814453125, -0.01788330078125, 0.32855224609375, -0.0400390625)"
153042120248,"(0.961181640625, 0.19879150390625, 0.18975830078125, -0.02386474609375)","(None, None, None, None)"
153042123566,"(0.961181640625, 0.19879150390625, 0.18975830078125, -0.02386474609375)","(0.93914794921875, -0.02349853515625, 0.34033203125, -0.0411376953125)"
153042129613,"(0.960205078125, 0.19671630859375, 0.1971435546875, -0.0220947265625)","(None, None, None, None)"
153042131890,"(0.960205078125, 0.19671630859375, 0.1971435546875, -0.0220947265625)","(0.93914794921875, -0.02349853515625, 0.34033203125, -0.0411376953125)"
153042137096,"(0.958984375, 0.1954345703125, 0.2044677734375, -0.01922607421875)","(None, None, None, None)"
153042139918,"(0.958984375, 0.1954345703125, 0.2044677734375, -0.01922607421875)","(0.935546875, -0.02789306640625, 0.3497314453125, -0.04046630859375)"
153042143389,"(0.958984375, 0.1954345703125, 0.2044677734375, -0.01922607421875)","(0.935546875, -0.02789306640625, 0.3497314453125, -0.04046630859375)"
153042146789,"(0.9581298828125, 0.1934814453125, 0.21026611328125, -0.01702880859375)","(None, None, None, None)"
153042149518,"(0.9581298828125, 0.1934814453125, 0.21026611328125, -0.01702880859375)","(0.93218994140625, -0.0338134765625, 0.35809326171875, -0.03997802734375)"
153042153011,"(0.9581298828125, 0.1934814453125, 0.21026611328125, -0.01702880859375)","(None, None, None, None)"
153042157389,"(0.957275390625, 0.19012451171875, 0.21728515625, -0.0152587890625)","(None, None, None, None)"
153042160121,"(0.957275390625, 0.19012451171875, 0.21728515625, -0.0152587890625)","(None, None, None, None)"
153042162504,"(0.957275390625, 0.19012451171875, 0.21728515625, -0.0152587890625)","(None, None, None, None)"
153042167423,"(0.9561767578125, 0.1876220703125, 0.2242431640625, -0.012939453125)","(0.9251708984375, -0.051025390625, 0.374267578125, -0.03668212890625)"
153042171487,"(0.9561767578125, 0.1876220703125, 0.2242431640625, -0.012939453125)","(None, None, None, None)"
153042175509,"(0.9561767578125, 0.1876220703125, 0.2242431640625, -0.012939453125)","(None, None, None, None)"
153042179713,"(0.954833984375, 0.18609619140625, 0.2313232421875, -0.01080322265625)","(None, None, None, None)"
153042181949,"(0.954833984375, 0.18609619140625, 0.2313232421875, -0.01080322265625)","(None, None, None, None)"
153042184496,"(0.954833984375, 0.18609619140625, 0.2313232421875, -0.01080322265625)","(0.922119140625, -0.061767578125, 0.3802490234375, -0.0362548828125)"
153042189331,"(0.95367431640625, 0.18463134765625, 0.23736572265625, -0.00872802734375)","(None, None, None, None)"
153042192148,"(0.95367431640625, 0.18463134765625, 0.23736572265625, -0.00872802734375)","(0.91998291015625, -0.07421875, 0.38330078125, -0.035400390625)"
153042195816,"(0.95367431640625, 0.18463134765625, 0.23736572265625, -0.00872802734375)","(0.91998291015625, -0.07421875, 0.38330078125, -0.035400390625)"
153042199754,"(0.95220947265625, 0.18365478515625, 0.24395751953125, -0.00665283203125)","(0.918701171875, -0.0870361328125, 0.38372802734375, -0.03350830078125)"
153042203190,"(0.95220947265625, 0.18365478515625, 0.24395751953125, -0.00665283203125)","(None, None, None, None)"
153042207408,"(0.9508056640625, 0.18243408203125, 0.25042724609375, -0.0048828125)","(0.91796875, -0.0994873046875, 0.382568359375, -0.03216552734375)"
153042211560,"(0.9508056640625, 0.18243408203125, 0.25042724609375, -0.0048828125)","(0.91796875, -0.0994873046875, 0.382568359375, -0.03216552734375)"
153042218156,"(0.9495849609375, 0.1806640625, 0.2562255859375, -0.0028076171875)","(None, None, None, None)"
153042220877,"(0.9495849609375, 0.1806640625, 0.2562255859375, -0.0028076171875)","(0.9171142578125, -0.111572265625, 0.38134765625, -0.031494140625)"
153042226711,"(0.94866943359375, 0.1785888671875, 0.26104736328125, -0.00091552734375)","(None, None, None, None)"
153042230214,"(0.94866943359375, 0.1785888671875, 0.26104736328125, -0.00091552734375)","(None, None, None, None)"
153042232495,"(0.94866943359375, 0.1785888671875, 0.26104736328125, -0.00091552734375)","(0.9168701171875, -0.12078857421875, 0.3792724609375, -0.031005859375)"
153042237844,"(0.9481201171875, 0.1761474609375, 0.26470947265625, 0.0008544921875)","(None, None, None, None)"
153042240700,"(0.9481201171875, 0.1761474609375, 0.26470947265625, 0.0008544921875)","(0.91619873046875, -0.128173828125, 0.3782958984375, -0.03167724609375)"
153042244296,"(0.9481201171875, 0.1761474609375, 0.26470947265625, 0.0008544921875)","(0.91619873046875, -0.128173828125, 0.3782958984375, -0.03167724609375)"
153042247687,"(0.94775390625, 0.17364501953125, 0.2674560546875, 0.0029296875)","(None, None, None, None)"
153042250466,"(0.94775390625, 0.17364501953125, 0.2674560546875, 0.0029296875)","(None, None, None, None)"
153042252754,"(0.94775390625, 0.17364501953125, 0.2674560546875, 0.0029296875)","(0.91546630859375, -0.13311767578125, 0.37835693359375, -0.03302001953125)"
153042257956,"(0.94793701171875, 0.1707763671875, 0.268798828125, 0.0045166015625)","(0.91485595703125, -0.1356201171875, 0.3787841796875, -0.0343017578125)"
153042262023,"(0.94793701171875, 0.1707763671875, 0.268798828125, 0.0045166015625)","(0.91485595703125, -0.1356201171875, 0.3787841796875, -0.0343017578125)"
153042268905,"(0.9483642578125, 0.16729736328125, 0.26947021484375, 0.00579833984375)","(None, None, None, None)"
153042271459,"(0.9483642578125, 0.16729736328125, 0.26947021484375, 0.00579833984375)","(None, None, None, None)"
153042274792,"(0.9483642578125, 0.16729736328125, 0.26947021484375, 0.00579833984375)","(0.91424560546875, -0.13470458984375, 0.38031005859375, -0.03765869140625)"
153042281089,"(0.94879150390625, 0.163818359375, 0.2698974609375, 0.007080078125)","(0.91424560546875, -0.13470458984375, 0.38031005859375, -0.03765869140625)"
153042285784,"(0.94879150390625, 0.163818359375, 0.2698974609375, 0.007080078125)","(None, None, None, None)"
153042288420,"(0.9493408203125, 0.1600341796875, 0.2703857421875, 0.00836181640625)","(0.9139404296875, -0.13287353515625, 0.38140869140625, -0.03955078125)"
153042292925,"(0.9493408203125, 0.1600341796875, 0.2703857421875, 0.00836181640625)","(0.9139404296875, -0.13287353515625, 0.38140869140625, -0.03955078125)"
153042296495,"(0.9493408203125, 0.1600341796875, 0.2703857421875, 0.00836181640625)","(0.9139404296875, -0.13287353515625, 0.38140869140625, -0.03955078125)"
153042301077,"(0.9498291015625, 0.1561279296875, 0.2708740234375, 0.009033203125)","(0.91363525390625, -0.13067626953125, 0.38262939453125, -0.04144287109375)"
153042304633,"(0.9498291015625, 0.1561279296875, 0.2708740234375, 0.009033203125)","(0.91363525390625, -0.13067626953125, 0.38262939453125, -0.04144287109375)"
153042309950,"(0.95037841796875, 0.15167236328125, 0.27142333984375, 0.009033203125)","(None, None, None, None)"
153042312423,"(0.95037841796875, 0.15167236328125, 0.27142333984375, 0.009033203125)","(None, None, None, None)"
153042316559,"(0.95037841796875, 0.15167236328125, 0.27142333984375, 0.009033203125)","(None, None, None, None)"
153042320728,"(0.95050048828125, 0.14801025390625, 0.2730712890625, 0.00830078125)","(None, None, None, None)"
153042323211,"(None, None, None, None)","(0.91229248046875, -0.12774658203125, 0.38653564453125, -0.0447998046875)"
153042327306,"(0.9500732421875, 0.14422607421875, 0.27655029296875, 0.00726318359375)","(0.9114990234375, -0.12689208984375, 0.388427734375, -0.046875)"
153042332176,"(0.9500732421875, 0.14422607421875, 0.27655029296875, 0.00726318359375)","(None, None, None, None)"
153042334398,"(0.9500732421875, 0.14422607421875, 0.27655029296875, 0.00726318359375)","(0.9114990234375, -0.12689208984375, 0.388427734375, -0.046875)"
153042339752,"(0.94952392578125, 0.1407470703125, 0.2803955078125, 0.00628662109375)","(0.9105224609375, -0.12628173828125, 0.3905029296875, -0.04974365234375)"
153042343633,"(0.94952392578125, 0.1407470703125, 0.2803955078125, 0.00628662109375)","(None, None, None, None)"
153042345890,"(0.94952392578125, 0.1407470703125, 0.2803955078125, 0.00628662109375)","(None, None, None, None)"
153042348112,"(0.94891357421875, 0.13665771484375, 0.2843017578125, 0.0047607421875)","(None, None, None, None)"
153042350496,"(0.94891357421875, 0.13665771484375, 0.2843017578125, 0.0047607421875)","(0.9091796875, -0.12591552734375, 0.3934326171875, -0.0526123046875)"
153042354290,"(0.94891357421875, 0.13665771484375, 0.2843017578125, 0.0047607421875)","(0.9091796875, -0.12591552734375, 0.3934326171875, -0.0526123046875)"
153042359555,"(0.9482421875, 0.132080078125, 0.28875732421875, 0.0030517578125)","(0.9071044921875, -0.125732421875, 0.3978271484375, -0.05523681640625)"
153042363342,"(0.9482421875, 0.132080078125, 0.28875732421875, 0.0030517578125)","(0.9071044921875, -0.125732421875, 0.3978271484375, -0.05523681640625)"
153042370440,"(0.9473876953125, 0.1273193359375, 0.293701171875, 0.0010986328125)","(None, None, None, None)"
153042373035,"(0.9473876953125, 0.1273193359375, 0.293701171875, 0.0010986328125)","(None, None, None, None)"
153042377371,"(0.9473876953125, 0.1273193359375, 0.293701171875, 0.0010986328125)","(None, None, None, None)"
153042381453,"(0.9459228515625, 0.1226806640625, 0.30023193359375, -0.0008544921875)","(0.9014892578125, -0.12652587890625, 0.40960693359375, -0.0596923828125)"
153042384884,"(0.9459228515625, 0.1226806640625, 0.30023193359375, -0.0008544921875)","(0.9014892578125, -0.12652587890625, 0.40960693359375, -0.0596923828125)"
153042390291,"(0.94384765625, 0.11810302734375, 0.30853271484375, -0.0023193359375)","(0.89752197265625, -0.12750244140625, 0.4176025390625, -0.06121826171875)"
153042394268,"(0.94384765625, 0.11810302734375, 0.30853271484375, -0.0023193359375)","(0.89752197265625, -0.12750244140625, 0.4176025390625, -0.06121826171875)"
153042397598,"(0.94384765625, 0.11810302734375, 0.30853271484375, -0.0023193359375)","(0.89752197265625, -0.12750244140625, 0.4176025390625, -0.06121826171875)"
153042402366,"(0.94122314453125, 0.1131591796875, 0.318359375, -0.00372314453125)","(0.89306640625, -0.1285400390625, 0.42657470703125, 1.9376220703125)"
153042407176,"(0.94122314453125, 0.1131591796875, 0.318359375, -0.00372314453125)","(0.89306640625, -0.1285400390625, 0.42657470703125, -0.0623779296875)"
153042412057,"(0.93817138671875, 0.10809326171875, 0.328857421875, -0.00555419921875)","(0.8883056640625, -0.12939453125, 0.43603515625, -0.0635986328125)"
153042418429,"(0.93499755859375, 0.1041259765625, 0.33892822265625, -0.00726318359375)","(0.8836669921875, -0.130126953125, 0.44488525390625, -0.06500244140625)"
153042423402,"(0.93499755859375, 0.1041259765625, 0.33892822265625, -0.00726318359375)","(0.8836669921875, -0.130126953125, 0.44488525390625, -0.06500244140625)"
153042431381,"(0.93170166015625, 0.100830078125, 0.34881591796875, -0.00927734375)","(0.8868408203125, -0.13031005859375, 0.4537353515625, -0.06622314453125)"
153042440920,"(0.93634033203125, 0.0980224609375, 0.35784912109375, -0.01153564453125)","(0.87408447265625, -0.12933349609375, 0.46331787109375, -0.06768798828125)"
153042448471,"(0.9334716796875, 0.0958251953125, 0.36578369140625, -0.01361083984375)","(0.869140625, -0.127197265625, 0.4730224609375, -0.06878662109375)"
153042456233,"(0.9256591796875, 0.0958251953125, 0.36578369140625, -0.01361083984375)","(0.87213134765625, -0.12396240234375, 0.48236083984375, -0.070068359375)"
153042464739,"(0.93048095703125, 0.0938720703125, 0.37371826171875, -0.01611328125)","(0.87213134765625, -0.12396240234375, 0.48236083984375, -0.070068359375)"
153042473425,"(0.919677734375, 0.09210205078125, 0.3812255859375, -0.01898193359375)","(0.86798095703125, -0.1201171875, 0.49053955078125, -0.07080078125)"
153042483094,"(0.91717529296875, 0.089599609375, 0.3875732421875, -0.022216796875)","(0.85662841796875, -0.1163330078125, 0.49749755859375, -0.07183837890625)"
153042491368,"(0.915283203125, 0.0870361328125, 0.39251708984375, -0.0252685546875)","(0.85357666015625, -0.1121826171875, 0.50341796875, -0.07342529296875)"
153042498040,"(0.915283203125, 0.0870361328125, 0.39251708984375, -0.0252685546875)","(0.85357666015625, -0.1121826171875, 0.50341796875, -0.07342529296875)"
153042504539,"(0.91387939453125, 0.08428955078125, 0.3961181640625, -0.0289306640625)","(0.8587646484375, -0.10760498046875, 0.50860595703125, -0.0745849609375)"
153042513588,"(0.9130859375, 0.08172607421875, 0.39813232421875, -0.03216552734375)","(0.85662841796875, -0.10284423828125, 0.51300048828125, -0.07562255859375)"
153042523653,"(0.9124755859375, 0.07965087890625, 0.39971923828125, -0.03546142578125)","(0.854736328125, -0.0982666015625, 0.516845703125, -0.07684326171875)"
153042533678,"(0.9197998046875, 0.07757568359375, 0.40087890625, -0.03863525390625)","(0.8533935546875, -0.09307861328125, 0.5198974609375, -0.077880859375)"
153042540715,"(0.91937255859375, 0.075439453125, 0.40203857421875, -0.04217529296875)","(0.85205078125, -0.08709716796875, 0.52288818359375, -0.07879638671875)"
153042547928,"(0.91937255859375, 0.075439453125, 0.40203857421875, -0.04217529296875)","(0.85205078125, -0.08709716796875, 0.52288818359375, -0.07879638671875)"
153042554546,"(0.91131591796875, 0.0732421875, 0.40264892578125, -0.04559326171875)","(0.84271240234375, -0.08050537109375, 0.5262451171875, -0.07989501953125)"
153042561855,"(0.91864013671875, 0.0714111328125, 0.40362548828125, -0.04925537109375)","(0.84130859375, -0.07342529296875, 0.529296875, -0.0814208984375)"
153042569473,"(0.91790771484375, 0.070556640625, 0.40496826171875, -0.052978515625)","(0.83978271484375, -0.066162109375, 0.53240966796875, -0.0831298828125)"
153042576147,"(0.91790771484375, 0.070556640625, 0.40496826171875, -0.052978515625)","(0.83978271484375, -0.066162109375, 0.53240966796875, -0.0831298828125)"
153042584783,"(0.9168701171875, 0.0693359375, 0.4068603515625, -0.0565185546875)","(0.8382568359375, -0.059814453125, 0.53533935546875, -0.08465576171875)"
153042592798,"(0.91583251953125, 0.06805419921875, 0.4090576171875, -0.059814453125)","(0.83612060546875, -0.05474853515625, 0.5389404296875, -0.08612060546875)"
153042599346,"(0.91436767578125, 0.06719970703125, 0.411865234375, -0.06298828125)","(0.83612060546875, -0.05474853515625, 0.5389404296875, -0.08612060546875)"
153042605760,"(0.91436767578125, 0.06719970703125, 0.411865234375, -0.06298828125)","(0.8414306640625, -0.05035400390625, 0.543212890625, -0.08642578125)"
153042614429,"(0.9046630859375, 0.06634521484375, 0.41571044921875, -0.066162109375)","(0.83795166015625, -0.04705810546875, 0.5489501953125, -0.085693359375)"
153042624003,"(0.90191650390625, 0.0662841796875, 0.421142578125, -0.0692138671875)","(0.82550048828125, -0.0445556640625, 0.55645751953125, -0.08331298828125)"
153042633013,"(0.89886474609375, 0.06658935546875, 0.42718505859375, -0.0716552734375)","(0.82733154296875, -0.042236328125, 0.56591796875, -0.07977294921875)"
153042638915,"(0.89886474609375, 0.06658935546875, 0.42718505859375, -0.0716552734375)","(0.81951904296875, -0.042236328125, 0.56591796875, -0.07977294921875)"
153042646244,"(0.9027099609375, 0.0677490234375, 0.43487548828125, -0.07373046875)","(0.82073974609375, -0.03948974609375, 0.57623291015625, -0.07501220703125)"
153042651937,"(0.8984375, 0.06903076171875, 0.44317626953125, -0.0751953125)","(0.80621337890625, -0.03680419921875, 0.58636474609375, -0.06939697265625)"
153042658509,"(0.890625, 0.06903076171875, 0.44317626953125, -0.0751953125)","(0.80621337890625, -0.03680419921875, 0.58636474609375, -0.06939697265625)"
153042665935,"(0.88629150390625, 0.0703125, 0.4512939453125, -0.076416015625)","(0.8011474609375, -0.033447265625, 0.59417724609375, -0.063232421875)"
153042675287,"(0.88299560546875, 0.0711669921875, 0.45745849609375, -0.07720947265625)","(0.8057861328125, -0.02911376953125, 0.5992431640625, -0.05718994140625)"
153042684429,"(0.88885498046875, 0.07171630859375, 0.46087646484375, -0.07855224609375)","(0.795654296875, -0.0245361328125, 0.60302734375, -0.0517578125)"
153042692114,"(0.88031005859375, 0.072509765625, 0.46197509765625, -0.079833984375)","(0.79327392578125, -0.02093505859375, 0.606689453125, -0.0467529296875)"
153042698742,"(0.88812255859375, 0.072509765625, 0.46197509765625, -0.079833984375)","(0.79327392578125, -0.02093505859375, 0.606689453125, -0.0467529296875)"
153042705016,"(0.8883056640625, 0.072998046875, 0.46148681640625, -0.08050537109375)","(0.79022216796875, -0.0181884765625, 0.611083984375, -0.04205322265625)"
153042713451,"(0.88818359375, 0.0733642578125, 0.4615478515625, -0.0811767578125)","(0.7947998046875, -0.0166015625, 0.6156005859375, -0.037109375)"
153042721294,"(0.88739013671875, 0.07415771484375, 0.4627685546875, -0.0816650390625)","(0.790283203125, -0.015625, 0.6217041015625, -0.03192138671875)"
153042727433,"(0.87957763671875, 0.07415771484375, 0.4627685546875, -0.0816650390625)","(0.790283203125, -0.015625, 0.6217041015625, -0.03192138671875)"
153042737408,"(0.88580322265625, 0.07525634765625, 0.46551513671875, -0.08197021484375)","(0.77728271484375, -0.0150146484375, 0.62841796875, -0.02630615234375)"
153042745376,"(0.88348388671875, 0.0765380859375, 0.46966552734375, -0.08233642578125)","(0.7799072265625, -0.0146484375, 0.635009765625, -0.0208740234375)"
153042752199,"(0.87335205078125, 0.0770263671875, 0.47369384765625, -0.0830078125)","(0.77545166015625, -0.01416015625, 0.6405029296875, -0.015625)"
153042757936,"(0.87335205078125, 0.0770263671875, 0.47369384765625, -0.0830078125)","(0.77545166015625, -0.01416015625, 0.6405029296875, -0.015625)"
153042765595,"(0.87127685546875, 0.07769775390625, 0.47723388671875, -0.0838623046875)","(0.76446533203125, -0.01422119140625, 0.6444091796875, -0.01153564453125)"
153042775139,"(0.87030029296875, 0.07818603515625, 0.47882080078125, -0.0849609375)","(0.76202392578125, -0.0137939453125, 0.64739990234375, -0.00860595703125)"
153042785366,"(0.86968994140625, 0.0784912109375, 0.47967529296875, -0.0860595703125)","(0.759033203125, -0.01165771484375, 0.65093994140625, -0.00537109375)"
153042794374,"(0.86907958984375, 0.0792236328125, 0.48052978515625, -0.0869140625)","(0.76336669921875, -0.00848388671875, 0.655029296875, -0.0018310546875)"
153042800518,"(0.86773681640625, 0.080078125, 0.48260498046875, -0.08740234375)","(0.76336669921875, -0.00848388671875, 0.655029296875, -0.0018310546875)"
153042806913,"(0.86773681640625, 0.080078125, 0.48260498046875, -0.08740234375)","(0.7586669921875, -0.0048828125, 0.66046142578125, 0.0023193359375)"
153042815093,"(0.87359619140625, 0.08056640625, 0.48590087890625, -0.08843994140625)","(0.74542236328125, -0.00189208984375, 0.66656494140625, 0.00738525390625)"
153042824655,"(0.87109375, 0.08172607421875, 0.48992919921875, -0.08941650390625)","(0.7392578125, 0.0, 0.67327880859375, 0.01312255859375)"
153042834153,"(0.86016845703125, 0.08349609375, 0.49493408203125, -0.09033203125)","(0.7337646484375, 0.00079345703125, 0.67913818359375, 0.0179443359375)"
153042839766,"(0.86016845703125, 0.08349609375, 0.49493408203125, -0.09033203125)","(0.7337646484375, 0.00079345703125, 0.67913818359375, 0.0179443359375)"
153042848602,"(0.857666015625, 0.0855712890625, 0.498779296875, -0.09136962890625)","(0.73004150390625, 0.0006103515625, 0.68304443359375, 0.02130126953125)"
153042854396,"(0.856201171875, 0.08685302734375, 0.50079345703125, -0.0928955078125)","(0.7279052734375, -0.0006103515625, 0.685302734375, 0.0228271484375)"
153042861012,"(0.85577392578125, 0.08770751953125, 0.50103759765625, -0.09423828125)","(0.7279052734375, -0.0006103515625, 0.685302734375, 0.0228271484375)"
153042867374,"(0.85577392578125, 0.08770751953125, 0.50103759765625, -0.09423828125)","(0.7265625, -0.00225830078125, 0.68670654296875, 0.02362060546875)"
153042876821,"(0.85626220703125, 0.0872802734375, 0.50018310546875, -0.09503173828125)","(0.72552490234375, -0.0035400390625, 0.68780517578125, 0.02398681640625)"
153042886014,"(0.8568115234375, 0.08642578125, 0.4991455078125, -0.09637451171875)","(0.72479248046875, -0.00433349609375, 0.68853759765625, 0.02398681640625)"
153042891910,"(0.85675048828125, 0.08587646484375, 0.49920654296875, -0.09710693359375)","(0.72479248046875, -0.00433349609375, 0.68853759765625, 0.02398681640625)"
153042899222,"(0.85675048828125, 0.08587646484375, 0.49920654296875, -0.09710693359375)","(0.7237548828125, -0.00506591796875, 0.68963623046875, 0.02386474609375)"
153042905398,"(0.85638427734375, 0.08551025390625, 0.4998779296875, -0.09716796875)","(0.7218017578125, -0.00604248046875, 0.691650390625, 0.02423095703125)"
153042912021,"(0.85528564453125, 0.08563232421875, 0.5015869140625, -0.09771728515625)","(0.7218017578125, -0.00604248046875, 0.691650390625, 0.02423095703125)"
153042918608,"(0.85528564453125, 0.08563232421875, 0.5015869140625, -0.09771728515625)","(0.71923828125, -0.00775146484375, 0.6942138671875, 0.0250244140625)"
153042927682,"(0.85369873046875, 0.08673095703125, 0.5040283203125, -0.09808349609375)","(0.7158203125, -0.00994873046875, 0.69775390625, 0.025146484375)"
153042936664,"(0.851806640625, 0.08782958984375, 0.50701904296875, -0.09857177734375)","(0.7122802734375, -0.01226806640625, 0.70135498046875, 0.02532958984375)"
153042942192,"(0.8499755859375, 0.0888671875, 0.5096435546875, -0.09942626953125)","(0.7122802734375, -0.01226806640625, 0.70135498046875, 0.02532958984375)"
153042949722,"(0.8499755859375, 0.0888671875, 0.5096435546875, -0.09942626953125)","(0.70953369140625, -0.0137939453125, 0.7041015625, 0.0245361328125)"
153042955063,"(0.84844970703125, 0.08917236328125, 0.5120849609375, -0.10009765625)","(0.7071533203125, -0.0137939453125, 0.70648193359375, 0.02398681640625)"
153042962062,"(0.8468017578125, 0.08941650390625, 0.51458740234375, -0.1009521484375)","(0.7071533203125, -0.0137939453125, 0.70648193359375, 0.02398681640625)"
153042967954,"(0.8468017578125, 0.08941650390625, 0.51458740234375, -0.1009521484375)","(0.70587158203125, -0.01312255859375, 0.70782470703125, 0.02386474609375)"
153042977351,"(0.8453369140625, 0.0897216796875, 0.5167236328125, -0.1014404296875)","(0.70452880859375, -0.01287841796875, 0.70916748046875, 0.02386474609375)"
153042985581,"(0.84381103515625, 0.08953857421875, 0.51910400390625, -0.10223388671875)","(0.7030029296875, -0.0130615234375, 0.71063232421875, 0.02484130859375)"
153042991351,"(0.84246826171875, 0.09002685546875, 0.52117919921875, -0.1024169921875)","(0.7030029296875, -0.0130615234375, 0.71063232421875, 0.02484130859375)"
153042998948,"(0.84246826171875, 0.09002685546875, 0.52117919921875, -0.1024169921875)","(0.70184326171875, -0.01385498046875, 0.7117919921875, 0.02423095703125)"
153043004681,"(0.84173583984375, 0.09100341796875, 0.52227783203125, -0.1021728515625)","(0.70184326171875, -0.01385498046875, 0.7117919921875, 0.02423095703125)"
153043010374,"(0.84173583984375, 0.09100341796875, 0.52227783203125, -0.1021728515625)","(0.70050048828125, -0.0146484375, 0.713134765625, 0.02276611328125)"
153043017367,"(0.841552734375, 0.091552734375, 0.5223388671875, -0.10272216796875)","(0.69891357421875, -0.0159912109375, 0.7147216796875, 0.02191162109375)"
153043026098,"(0.84185791015625, 0.09130859375, 0.521728515625, -0.103515625)","(0.69769287109375, -0.0174560546875, 0.7158203125, 0.0230712890625)"
153043033202,"(0.84197998046875, 0.091552734375, 0.521484375, -0.1036376953125)","(0.69769287109375, -0.0174560546875, 0.7158203125, 0.0230712890625)"
153043040832,"(0.84197998046875, 0.091552734375, 0.521484375, -0.1036376953125)","(0.69720458984375, -0.01947021484375, 0.7161865234375, 0.02520751953125)"
153043049260,"(0.84185791015625, 0.09222412109375, 0.52166748046875, -0.1031494140625)","(0.69683837890625, -0.02154541015625, 0.71636962890625, 0.02734375)"
153043055438,"(0.842041015625, 0.09228515625, 0.521484375, -0.10247802734375)","(0.6966552734375, -0.022705078125, 0.71649169921875, 0.02935791015625)"
153043063398,"(0.8424072265625, 0.09259033203125, 0.52093505859375, -0.10235595703125)","(0.6966552734375, -0.022705078125, 0.71649169921875, 0.02935791015625)"
153043069759,"(0.8424072265625, 0.09259033203125, 0.52093505859375, -0.10235595703125)","(0.6973876953125, -0.02301025390625, 0.7156982421875, 0.03118896484375)"
153043078268,"(0.84326171875, 0.0926513671875, 0.51953125, -0.102294921875)","(0.6978759765625, -0.0240478515625, 0.71514892578125, 0.0311279296875)"
153043087508,"(0.85247802734375, 0.091796875, 0.5174560546875, -0.10205078125)","(0.6978759765625, -0.0245361328125, 0.715087890625, 0.03106689453125)"
153043093766,"(0.85369873046875, 0.0906982421875, 0.5157470703125, -0.1016845703125)","(0.6978759765625, -0.0245361328125, 0.715087890625, 0.03106689453125)"
153043101405,"(0.854248046875, 0.090087890625, 0.514892578125, -0.101806640625)","(0.6971435546875, -0.025390625, 0.7158203125, 0.03131103515625)"
153043107988,"(0.854248046875, 0.090087890625, 0.514892578125, -0.101806640625)","(0.6959228515625, -0.02667236328125, 0.7169189453125, 0.0318603515625)"
153043115804,"(0.8541259765625, 0.0897216796875, 0.51507568359375, -0.10186767578125)","(0.6959228515625, -0.02667236328125, 0.7169189453125, 0.0318603515625)"
153043122635,"(0.8529052734375, 0.09063720703125, 0.51690673828125, -0.102294921875)","(0.70220947265625, -0.0281982421875, 0.71826171875, 0.03326416015625)"
153043130559,"(0.8529052734375, 0.09063720703125, 0.51690673828125, -0.102294921875)","(0.700439453125, -0.0296630859375, 0.7198486328125, 0.03509521484375)"
153043139821,"(0.8515625, 0.09124755859375, 0.518798828125, -0.10284423828125)","(0.6988525390625, -0.03125, 0.72119140625, 0.036865234375)"
153043147653,"(0.8424072265625, 0.09259033203125, 0.520751953125, -0.10272216796875)","(0.6976318359375, -0.03265380859375, 0.72222900390625, 0.03839111328125)"
153043154161,"(0.841552734375, 0.0926513671875, 0.52203369140625, -0.10308837890625)","(0.6976318359375, -0.03265380859375, 0.72222900390625, 0.03839111328125)"
153043161091,"(0.841552734375, 0.0926513671875, 0.52203369140625, -0.10308837890625)","(0.69683837890625, -0.0338134765625, 0.72283935546875, 0.03936767578125)"
153043168643,"(0.84112548828125, 0.09295654296875, 0.52252197265625, -0.10382080078125)","(0.69598388671875, -0.034912109375, 0.72357177734375, 0.03985595703125)"
153043176954,"(0.8408203125, 0.0927734375, 0.52294921875, -0.10455322265625)","(0.69580078125, -0.03594970703125, 0.72369384765625, 0.04095458984375)"
153043184560,"(0.841064453125, 0.0926513671875, 0.52264404296875, -0.104248046875)","(0.68798828125, -0.03594970703125, 0.72369384765625, 0.04095458984375)"
153043192584,"(0.841064453125, 0.0926513671875, 0.52264404296875, -0.104248046875)","(0.6956787109375, -0.03656005859375, 0.72369384765625, 0.0421142578125)"
153043201130,"(0.8411865234375, 0.09246826171875, 0.52252197265625, -0.1041259765625)","(0.695556640625, -0.037109375, 0.72369384765625, 0.0433349609375)"
153043208099,"(0.84088134765625, 0.0926513671875, 0.52288818359375, -0.10430908203125)","(0.69537353515625, -0.03814697265625, 0.7237548828125, 0.04412841796875)"
153043216277,"(0.8402099609375, 0.09332275390625, 0.52374267578125, -0.10491943359375)","(0.69537353515625, -0.03814697265625, 0.7237548828125, 0.04412841796875)"
153043222722,"(0.83978271484375, 0.09375, 0.5242919921875, -0.105224609375)","(0.6873779296875, -0.03924560546875, 0.723876953125, 0.044677734375)"
153043230406,"(0.83978271484375, 0.09375, 0.5242919921875, -0.105224609375)","(0.6875, -0.04010009765625, 0.72369384765625, 0.04534912109375)"
153043238617,"(0.8397216796875, 0.0938720703125, 0.52435302734375, -0.10504150390625)","(0.68798828125, -0.04058837890625, 0.72314453125, 0.04595947265625)"
153043244514,"(0.8399658203125, 0.09375, 0.52398681640625, -0.10540771484375)","(0.68798828125, -0.04058837890625, 0.72314453125, 0.04595947265625)"
153043252422,"(0.8399658203125, 0.09375, 0.52398681640625, -0.10540771484375)","(0.68829345703125, -0.04107666015625, 0.7227783203125, 0.0462646484375)"
153043259641,"(0.84039306640625, 0.0936279296875, 0.5233154296875, -0.1055908203125)","(0.68841552734375, -0.04132080078125, 0.72265625, 0.0462646484375)"
153043267021,"(0.8402099609375, 0.0933837890625, 0.52362060546875, -0.105712890625)","(0.68841552734375, -0.04132080078125, 0.72265625, 0.0462646484375)"
153043272965,"(0.84033203125, 0.092529296875, 0.52349853515625, -0.10614013671875)","(0.6885986328125, -0.04150390625, 0.72247314453125, 0.04638671875)"
153043278827,"(0.84033203125, 0.092529296875, 0.52349853515625, -0.10614013671875)","(0.68896484375, -0.04144287109375, 0.72210693359375, 0.04632568359375)"
153043286258,"(0.84039306640625, 0.09173583984375, 0.5234375, -0.10626220703125)","(0.68896484375, -0.04144287109375, 0.72210693359375, 0.04632568359375)"
153043293657,"(0.840576171875, 0.09100341796875, 0.52325439453125, -0.10675048828125)","(0.689453125, -0.0411376953125, 0.7216796875, 0.04656982421875)"
153043300289,"(0.840576171875, 0.09100341796875, 0.52325439453125, -0.10675048828125)","(0.6905517578125, -0.04095458984375, 0.7205810546875, 0.046630859375)"
153043306314,"(0.8408203125, 0.09014892578125, 0.52294921875, -0.10693359375)","(0.6905517578125, -0.04095458984375, 0.7205810546875, 0.046630859375)"
153043311826,"(0.8408203125, 0.09014892578125, 0.52294921875, -0.10693359375)","(0.6917724609375, -0.04022216796875, 0.71954345703125, 0.046142578125)"
153043318799,"(0.841064453125, 0.0894775390625, 0.52264404296875, -0.10723876953125)","(0.692626953125, -0.0389404296875, 0.71875, 0.046142578125)"
153043326392,"(0.84161376953125, 0.088623046875, 0.5218505859375, -0.10723876953125)","(0.700439453125, -0.0389404296875, 0.71875, 0.046142578125)"
153043334007,"(0.842529296875, 0.08770751953125, 0.5206298828125, -0.10699462890625)","(0.70159912109375, -0.03741455078125, 0.7177734375, 0.04547119140625)"
153043342561,"(0.842529296875, 0.08770751953125, 0.5206298828125, -0.10699462890625)","(0.695068359375, -0.03582763671875, 0.7166748046875, 0.0445556640625)"
153043350533,"(0.85162353515625, 0.0865478515625, 0.51873779296875, -0.10693359375)","(0.69659423828125, -0.03399658203125, 0.71533203125, 0.0440673828125)"
153043357525,"(0.85296630859375, 0.08587646484375, 0.51654052734375, -0.1070556640625)","(0.69659423828125, -0.03399658203125, 0.71533203125, 0.0440673828125)"
153043364604,"(0.85394287109375, 0.08544921875, 0.5150146484375, -0.1070556640625)","(0.6983642578125, -0.0325927734375, 0.71368408203125, 0.0433349609375)"
153043371148,"(0.85394287109375, 0.08544921875, 0.5150146484375, -0.1070556640625)","(0.700439453125, -0.03143310546875, 0.711669921875, 0.04302978515625)"
153043379513,"(0.85455322265625, 0.08551025390625, 0.513916015625, -0.10772705078125)","(0.701904296875, -0.03009033203125, 0.71038818359375, 0.04168701171875)"
153043387811,"(0.85528564453125, 0.08514404296875, 0.51263427734375, -0.1082763671875)","(0.701904296875, -0.03009033203125, 0.71038818359375, 0.04168701171875)"
153043395099,"(0.85595703125, 0.084716796875, 0.511474609375, -0.10870361328125)","(0.711181640625, -0.02874755859375, 0.7091064453125, 0.04010009765625)"
153043402371,"(0.85595703125, 0.084716796875, 0.511474609375, -0.10870361328125)","(0.7127685546875, -0.027587890625, 0.7076416015625, 0.0382080078125)"
153043408623,"(0.85699462890625, 0.08453369140625, 0.50970458984375, -0.1092529296875)","(0.7138671875, -0.02685546875, 0.706787109375, 0.03515625)"
153043416661,"(0.85791015625, 0.08380126953125, 0.50823974609375, -0.10955810546875)","(0.7138671875, -0.02685546875, 0.706787109375, 0.03515625)"
153043422797,"(0.85791015625, 0.08380126953125, 0.50823974609375, -0.10955810546875)","(0.71478271484375, -0.02679443359375, 0.70599365234375, 0.03253173828125)"
153043430469,"(0.8587646484375, 0.08319091796875, 0.5068359375, -0.10968017578125)","(0.71624755859375, -0.02655029296875, 0.70465087890625, 0.03076171875)"
153043438320,"(0.85186767578125, 0.08209228515625, 0.50531005859375, -0.1107177734375)","(0.71624755859375, -0.02655029296875, 0.70465087890625, 0.03076171875)"
153043445896,"(0.852783203125, 0.080810546875, 0.50372314453125, -0.11181640625)","(0.71807861328125, -0.02655029296875, 0.70281982421875, 0.0294189453125)"
153043452693,"(0.852783203125, 0.080810546875, 0.50372314453125, -0.11181640625)","(0.71295166015625, -0.02618408203125, 0.70013427734375, 0.02911376953125)"
153043459053,"(0.85400390625, 0.07989501953125, 0.5015869140625, -0.1126708984375)","(0.71295166015625, -0.02618408203125, 0.70013427734375, 0.02911376953125)"
153043466926,"(0.85614013671875, 0.07867431640625, 0.49798583984375, -0.11346435546875)","(0.71771240234375, -0.02508544921875, 0.69525146484375, 0.02960205078125)"
153043472597,"(0.85614013671875, 0.07867431640625, 0.49798583984375, -0.11346435546875)","(0.7301025390625, -0.0255126953125, 0.69049072265625, 0.029541015625)"
153043480092,"(0.85791015625, 0.07769775390625, 0.49493408203125, -0.11383056640625)","(0.73333740234375, -0.02764892578125, 0.68707275390625, 0.0286865234375)"
153043488715,"(0.85931396484375, 0.07635498046875, 0.49261474609375, -0.114501953125)","(0.73333740234375, -0.02764892578125, 0.68707275390625, 0.0286865234375)"
153043495927,"(0.8680419921875, 0.07562255859375, 0.49090576171875, -0.115234375)","(0.7271728515625, -0.03125, 0.68511962890625, 0.0289306640625)"
153043503510,"(0.8680419921875, 0.07562255859375, 0.49090576171875, -0.115234375)","(0.727783203125, -0.03521728515625, 0.68426513671875, 0.0296630859375)"
153043510174,"(0.8681640625, 0.0755615234375, 0.49053955078125, -0.115966796875)","(0.727783203125, -0.03521728515625, 0.68426513671875, 0.0296630859375)"
153043517515,"(0.86785888671875, 0.07550048828125, 0.490966796875, -0.11676025390625)","(0.72698974609375, -0.03857421875, 0.68487548828125, 0.0306396484375)"
153043524086,"(0.86785888671875, 0.07550048828125, 0.490966796875, -0.11676025390625)","(0.73370361328125, -0.04071044921875, 0.6859130859375, 0.031005859375)"
153043530583,"(0.8592529296875, 0.07586669921875, 0.49200439453125, -0.11773681640625)","(0.7322998046875, -0.04254150390625, 0.687255859375, 0.0303955078125)"
153043539304,"(0.8582763671875, 0.07568359375, 0.49359130859375, -0.1182861328125)","(0.7322998046875, -0.04254150390625, 0.687255859375, 0.0303955078125)"
153043547383,"(0.8572998046875, 0.07562255859375, 0.49517822265625, -0.1187744140625)","(0.73126220703125, -0.04364013671875, 0.68841552734375, 0.02947998046875)"
153043555651,"(0.85595703125, 0.07635498046875, 0.49737548828125, -0.1187744140625)","(0.73028564453125, -0.04412841796875, 0.68939208984375, 0.02850341796875)"
153043562273,"(0.85595703125, 0.07635498046875, 0.49737548828125, -0.1187744140625)","(0.72955322265625, -0.04443359375, 0.690185546875, 0.02679443359375)"
153043570358,"(0.85479736328125, 0.07720947265625, 0.4991455078125, -0.11920166015625)","(0.72882080078125, -0.0438232421875, 0.69110107421875, 0.02508544921875)"
153043578981,"(0.8541259765625, 0.07720947265625, 0.500244140625, -0.11962890625)","(0.72882080078125, -0.0438232421875, 0.69110107421875, 0.02508544921875)"
153043588465,"(0.853515625, 0.07769775390625, 0.5010986328125, -0.119873046875)","(0.728515625, -0.0423583984375, 0.6915283203125, 0.02398681640625)"
153043596127,"(0.85308837890625, 0.0782470703125, 0.5018310546875, -0.11962890625)","(0.7276611328125, -0.0411376953125, 0.6925048828125, 0.0228271484375)"
153043603268,"(0.85308837890625, 0.0782470703125, 0.5018310546875, -0.11962890625)","(0.72662353515625, -0.039794921875, 0.69366455078125, 0.02215576171875)"
153043610627,"(0.8526611328125, 0.078857421875, 0.50262451171875, -0.11859130859375)","(0.71881103515625, -0.039794921875, 0.69366455078125, 0.02215576171875)"
153043619153,"(0.85211181640625, 0.07952880859375, 0.5037841796875, -0.11767578125)","(0.71807861328125, -0.03912353515625, 0.69451904296875, 0.021240234375)"
153043627113,"(0.8590087890625, 0.08026123046875, 0.50531005859375, -0.1168212890625)","(0.717041015625, -0.0386962890625, 0.6956787109375, 0.01995849609375)"
153043635408,"(0.85833740234375, 0.0814208984375, 0.506591796875, -0.1153564453125)","(0.71588134765625, -0.03759765625, 0.69696044921875, 0.0184326171875)"
153043642129,"(0.85833740234375, 0.0814208984375, 0.506591796875, -0.1153564453125)","(0.71588134765625, -0.03759765625, 0.69696044921875, 0.0184326171875)"
153043648876,"(0.85760498046875, 0.08203125, 0.50799560546875, -0.1141357421875)","(0.71490478515625, -0.03656005859375, 0.69805908203125, 0.01629638671875)"
153043657328,"(0.856689453125, 0.0833740234375, 0.5096435546875, -0.11273193359375)","(0.71368408203125, -0.0352783203125, 0.69940185546875, 0.01300048828125)"
153043663420,"(0.856689453125, 0.0833740234375, 0.5096435546875, -0.11273193359375)","(0.71343994140625, -0.0350341796875, 0.6998291015625, 0.00689697265625)"
153043670512,"(0.8560791015625, 0.083984375, 0.51092529296875, -0.1109619140625)","(0.71343994140625, -0.0350341796875, 0.6998291015625, 0.00689697265625)"
153043678301,"(0.8551025390625, 0.084716796875, 0.51275634765625, -0.10943603515625)","(0.71331787109375, -0.03314208984375, 0.70001220703125, 0.0013427734375)"
153043686805,"(0.85455322265625, 0.0848388671875, 0.513916015625, -0.10791015625)","(0.71331787109375, -0.03131103515625, 0.70013427734375, -0.00396728515625)"
153043693353,"(0.85455322265625, 0.0848388671875, 0.513916015625, -0.10791015625)","(0.7127685546875, -0.030517578125, 0.70068359375, -0.00823974609375)"
153043700537,"(0.85467529296875, 0.0849609375, 0.51422119140625, -0.10601806640625)","(0.7127685546875, -0.030517578125, 0.70068359375, -0.00823974609375)"
153043708636,"(0.854248046875, 0.0850830078125, 0.51519775390625, -0.104248046875)","(0.71185302734375, -0.03131103515625, 0.7015380859375, -0.01226806640625)"
153043714249,"(0.846435546875, 0.0850830078125, 0.51519775390625, -0.104248046875)","(0.71868896484375, -0.0333251953125, 0.70233154296875, -0.01611328125)"
153043721563,"(0.8531494140625, 0.08575439453125, 0.51715087890625, -0.10272216796875)","(0.71868896484375, -0.0333251953125, 0.70233154296875, -0.01611328125)"
153043729707,"(0.8438720703125, 0.0870361328125, 0.5196533203125, -0.10107421875)","(0.7177734375, -0.036376953125, 0.70306396484375, -0.019775390625)"
153043739869,"(0.84246826171875, 0.08837890625, 0.52191162109375, -0.10009765625)","(0.7166748046875, -0.0401611328125, 0.70379638671875, -0.02410888671875)"
153043748523,"(0.84112548828125, 0.08984375, 0.52410888671875, -0.09893798828125)","(0.7164306640625, -0.0439453125, 0.70355224609375, -0.029541015625)"
153043756671,"(0.8397216796875, 0.09136962890625, 0.5262451171875, -0.09796142578125)","(0.716552734375, -0.04754638671875, 0.702880859375, -0.0367431640625)"
153043764118,"(0.8397216796875, 0.09136962890625, 0.5262451171875, -0.09796142578125)","(0.71734619140625, -0.05047607421875, 0.701416015625, -0.04486083984375)"
153043772512,"(0.838623046875, 0.0924072265625, 0.52801513671875, -0.0968017578125)","(0.718505859375, -0.05389404296875, 0.69927978515625, -0.05462646484375)"
153043781853,"(0.83782958984375, 0.09356689453125, 0.529296875, -0.09539794921875)","(0.718505859375, -0.05389404296875, 0.69927978515625, -0.05462646484375)"
153043791236,"(0.83782958984375, 0.09466552734375, 0.52947998046875, -0.09375)","(0.71246337890625, -0.057373046875, 0.6964111328125, -0.06396484375)"
153043799599,"(0.83807373046875, 0.0953369140625, 0.52911376953125, -0.09246826171875)","(0.71417236328125, -0.06109619140625, 0.69354248046875, -0.0723876953125)"
153043808008,"(0.838134765625, 0.0972900390625, 0.5289306640625, -0.091064453125)","(0.7142333984375, -0.0660400390625, 0.69232177734375, -0.07830810546875)"
153043814811,"(0.838134765625, 0.0972900390625, 0.5289306640625, -0.091064453125)","(0.71478271484375, -0.0706787109375, 0.6910400390625, -0.0809326171875)"
153043822723,"(0.837890625, 0.0989990234375, 0.5291748046875, -0.0899658203125)","(0.71478271484375, -0.0706787109375, 0.6910400390625, -0.0809326171875)"
153043831621,"(0.83758544921875, 0.1009521484375, 0.529541015625, -0.0887451171875)","(0.71533203125, -0.07427978515625, 0.68994140625, -0.08209228515625)"
153043841065,"(0.83697509765625, 0.1033935546875, 0.53033447265625, -0.086669921875)","(0.7158203125, -0.07733154296875, 0.68902587890625, -0.0830078125)"
153043847998,"(0.83673095703125, 0.1053466796875, 0.53070068359375, -0.084716796875)","(0.7164306640625, -0.07958984375, 0.68804931640625, -0.08367919921875)"
153043854247,"(0.83673095703125, 0.1053466796875, 0.53070068359375, -0.084716796875)","(0.7164306640625, -0.07958984375, 0.68804931640625, -0.08367919921875)"
153043861877,"(0.8365478515625, 0.106689453125, 0.531005859375, -0.08282470703125)","(0.71783447265625, -0.08111572265625, 0.68621826171875, -0.08489990234375)"
153043869995,"(0.83673095703125, 0.1075439453125, 0.53082275390625, -0.0809326171875)","(0.728271484375, -0.08233642578125, 0.68316650390625, -0.08624267578125)"
153043877263,"(0.83782958984375, 0.10784912109375, 0.52935791015625, -0.07855224609375)","(0.73126220703125, -0.083740234375, 0.67962646484375, -0.08740234375)"
153043883799,"(0.83782958984375, 0.10784912109375, 0.52935791015625, -0.07855224609375)","(0.72344970703125, -0.083740234375, 0.67962646484375, -0.08740234375)"
153043892785,"(0.83917236328125, 0.10858154296875, 0.52734375, -0.07659912109375)","(0.7269287109375, -0.0850830078125, 0.6756591796875, -0.08856201171875)"
153043900635,"(0.84136962890625, 0.10931396484375, 0.5240478515625, -0.07440185546875)","(0.7308349609375, -0.08624267578125, 0.67108154296875, -0.09014892578125)"
153043907726,"(0.851806640625, 0.10992431640625, 0.51995849609375, -0.0726318359375)","(0.7430419921875, -0.08685302734375, 0.6658935546875, -0.09185791015625)"
153043914239,"(0.851806640625, 0.10992431640625, 0.51995849609375, -0.0726318359375)","(0.7430419921875, -0.08685302734375, 0.6658935546875, -0.09185791015625)"
153043922312,"(0.846435546875, 0.11102294921875, 0.515869140625, -0.07122802734375)","(0.7474365234375, -0.0872802734375, 0.66058349609375, -0.09466552734375)"
153043930127,"(0.85675048828125, 0.11175537109375, 0.51171875, -0.07012939453125)","(0.74310302734375, -0.087158203125, 0.65618896484375, -0.0980224609375)"
153043936845,"(0.85870361328125, 0.11279296875, 0.50836181640625, -0.06951904296875)","(0.74609375, -0.086669921875, 0.65252685546875, -0.100341796875)"
153043944769,"(0.85870361328125, 0.11279296875, 0.50836181640625, -0.06951904296875)","(0.74609375, -0.086669921875, 0.65252685546875, -0.100341796875)"
153043952902,"(0.85272216796875, 0.1138916015625, 0.505126953125, -0.0687255859375)","(0.7491455078125, -0.08538818359375, 0.6490478515625, -0.10113525390625)"
153043961082,"(0.85443115234375, 0.114990234375, 0.50213623046875, -0.0679931640625)","(0.7601318359375, -0.08343505859375, 0.64581298828125, -0.10009765625)"
153043969509,"(0.8565673828125, 0.11517333984375, 0.49847412109375, -0.06732177734375)","(0.764892578125, -0.0811767578125, 0.6409912109375, -0.09674072265625)"
153043976600,"(0.8565673828125, 0.11517333984375, 0.49847412109375, -0.06732177734375)","(0.763427734375, -0.07904052734375, 0.63421630859375, -0.09295654296875)"
153043984800,"(0.85955810546875, 0.1151123046875, 0.49346923828125, -0.06622314453125)","(0.763427734375, -0.07904052734375, 0.63421630859375, -0.09295654296875)"
153043993981,"(0.87127685546875, 0.11541748046875, 0.48675537109375, -0.06475830078125)","(0.77947998046875, -0.07763671875, 0.625, -0.08905029296875)"
153044002296,"(0.86834716796875, 0.11541748046875, 0.47808837890625, -0.06402587890625)","(0.78045654296875, -0.07659912109375, 0.6146240234375, -0.08551025390625)"
153044011082,"(0.8740234375, 0.1151123046875, 0.4676513671875, -0.0640869140625)","(0.78973388671875, -0.0755615234375, 0.60333251953125, -0.08148193359375)"
153044018533,"(0.88787841796875, 0.11492919921875, 0.45623779296875, -0.06396484375)","(0.78973388671875, -0.0755615234375, 0.60333251953125, -0.08148193359375)"
153044025056,"(0.88006591796875, 0.11492919921875, 0.45623779296875, -0.06396484375)","(0.80718994140625, -0.0740966796875, 0.59136962890625, -0.076171875)"
153044033526,"(0.88623046875, 0.11444091796875, 0.44439697265625, -0.0634765625)","(0.8096923828125, -0.07330322265625, 0.5780029296875, -0.07025146484375)"
153044042939,"(0.8924560546875, 0.11334228515625, 0.43218994140625, -0.06219482421875)","(0.82049560546875, -0.0733642578125, 0.5631103515625, -0.065185546875)"
153044051035,"(0.89874267578125, 0.1116943359375, 0.4195556640625, -0.06072998046875)","(0.83856201171875, -0.073974609375, 0.54827880859375, -0.0611572265625)"
153044056699,"(0.89874267578125, 0.1116943359375, 0.4195556640625, -0.06072998046875)","(0.83074951171875, -0.073974609375, 0.54827880859375, -0.0611572265625)"
153044064473,"(0.90435791015625, 0.10992431640625, 0.4080810546875, -0.059326171875)","(0.83978271484375, -0.07452392578125, 0.53472900390625, -0.0576171875)"
153044072376,"(0.91717529296875, 0.10821533203125, 0.39752197265625, -0.0576171875)","(0.8560791015625, -0.0755615234375, 0.5213623046875, -0.053955078125)"
153044078882,"(0.92108154296875, 0.107177734375, 0.3890380859375, -0.055908203125)","(0.8560791015625, -0.07708740234375, 0.508544921875, -0.05059814453125)"
153044085634,"(0.92108154296875, 0.107177734375, 0.3890380859375, -0.055908203125)","(0.8560791015625, -0.07708740234375, 0.508544921875, -0.05059814453125)"
153044094902,"(0.9163818359375, 0.1065673828125, 0.382080078125, -0.05426025390625)","(0.87109375, -0.07855224609375, 0.4962158203125, -0.04803466796875)"
153044102413,"(0.918701171875, 0.10662841796875, 0.37652587890625, -0.05328369140625)","(0.86932373046875, -0.0802001953125, 0.4853515625, -0.047119140625)"
153044108341,"(0.92095947265625, 0.10711669921875, 0.3709716796875, -0.05224609375)","(0.87420654296875, -0.08197021484375, 0.47625732421875, -0.0472412109375)"
153044116059,"(0.92095947265625, 0.10711669921875, 0.3709716796875, -0.05224609375)","(0.87420654296875, -0.08197021484375, 0.47625732421875, -0.0472412109375)"
153044123396,"(0.9310302734375, 0.1083984375, 0.36505126953125, -0.05126953125)","(0.88653564453125, -0.08367919921875, 0.46746826171875, -0.04876708984375)"
153044131534,"(0.93377685546875, 0.10906982421875, 0.35791015625, -0.0511474609375)","(0.88287353515625, -0.0860595703125, 0.4588623046875, -0.051025390625)"
153044140462,"(0.93658447265625, 0.1099853515625, 0.3502197265625, -0.051513671875)","(0.88677978515625, -0.0887451171875, 0.45037841796875, -0.05377197265625)"
153044147911,"(0.93658447265625, 0.1099853515625, 0.3502197265625, -0.051513671875)","(0.88677978515625, -0.0887451171875, 0.45037841796875, -0.05377197265625)"
153044155840,"(0.9317626953125, 0.111328125, 0.3416748046875, -0.05194091796875)","(0.89019775390625, -0.09124755859375, 0.44268798828125, -0.05694580078125)"
153044164844,"(0.93487548828125, 0.11138916015625, 0.33306884765625, -0.05224609375)","(0.90130615234375, -0.09344482421875, 0.4351806640625, -0.05999755859375)"
153044174641,"(0.9376220703125, 0.1114501953125, 0.32501220703125, -0.05303955078125)","(0.90460205078125, -0.09503173828125, 0.42767333984375, -0.06201171875)"
153044183614,"(0.9404296875, 0.11163330078125, 0.31671142578125, -0.05303955078125)","(0.90008544921875, -0.0955810546875, 0.420166015625, -0.06451416015625)"
153044193868,"(0.95123291015625, 0.11102294921875, 0.307861328125, -0.05303955078125)","(0.9041748046875, -0.095458984375, 0.410888671875, -0.0672607421875)"
153044202420,"(0.94671630859375, 0.11053466796875, 0.2977294921875, -0.05303955078125)","(0.9168701171875, -0.0953369140625, 0.3995361328125, -0.06982421875)"
153044209800,"(0.9505615234375, 0.11004638671875, 0.28533935546875, -0.0533447265625)","(0.9090576171875, -0.0953369140625, 0.3995361328125, -0.06982421875)"
153044217568,"(0.9505615234375, 0.11004638671875, 0.28533935546875, -0.0533447265625)","(0.91455078125, -0.09454345703125, 0.38653564453125, -0.0723876953125)"
153044225394,"(0.95489501953125, 0.109130859375, 0.27081298828125, -0.05413818359375)","(0.9195556640625, -0.0911865234375, 0.375, -0.07452392578125)"
153044233980,"(0.959716796875, 0.1072998046875, 0.25390625, -0.05450439453125)","(0.92437744140625, -0.0877685546875, 0.36334228515625, -0.07659912109375)"
153044242532,"(0.964111328125, 0.10638427734375, 0.237060546875, -0.0540771484375)","(0.92919921875, -0.0838623046875, 0.351318359375, -0.07830810546875)"
153044248366,"(0.964111328125, 0.10638427734375, 0.237060546875, -0.0540771484375)","(0.92919921875, -0.0838623046875, 0.351318359375, -0.07830810546875)"
153044256487,"(0.968017578125, 0.105712890625, 0.22100830078125, -0.0540771484375)","(0.93389892578125, -0.07977294921875, 0.33917236328125, -0.080078125)"
153044263797,"(0.971435546875, 0.10504150390625, 0.2059326171875, -0.053955078125)","(0.9385986328125, -0.0753173828125, 0.3267822265625, -0.08099365234375)"
153044270453,"(0.9742431640625, 0.10400390625, 0.1923828125, -0.05450439453125)","(0.9385986328125, -0.0753173828125, 0.3267822265625, -0.08099365234375)"
153044276651,"(0.9742431640625, 0.10400390625, 0.1923828125, -0.05450439453125)","(0.943115234375, -0.07025146484375, 0.31463623046875, -0.0811767578125)"
153044284167,"(0.9769287109375, 0.1029052734375, 0.17913818359375, -0.05426025390625)","(0.947265625, -0.06488037109375, 0.30291748046875, -0.081787109375)"
153044290981,"(0.97918701171875, 0.101806640625, 0.1669921875, -0.0540771484375)","(0.947265625, -0.06488037109375, 0.30291748046875, -0.081787109375)"
153044298141,"(0.97918701171875, 0.101806640625, 0.1669921875, -0.0540771484375)","(0.950927734375, -0.0599365234375, 0.292236328125, -0.0816650390625)"
153044305529,"(0.9813232421875, 0.10052490234375, 0.15472412109375, -0.05401611328125)","(0.95416259765625, -0.05377197265625, 0.282958984375, -0.081298828125)"
153044310981,"(0.98321533203125, 0.09967041015625, 0.14288330078125, -0.0538330078125)","(0.95416259765625, -0.05377197265625, 0.282958984375, -0.081298828125)"
153044318164,"(0.98321533203125, 0.09967041015625, 0.14288330078125, -0.0538330078125)","(0.9569091796875, -0.046875, 0.27490234375, -0.0806884765625)"
153044325102,"(0.98486328125, 0.0986328125, 0.13189697265625, -0.0540771484375)","(0.9674072265625, -0.039794921875, 0.26666259765625, -0.0802001953125)"
153044332597,"(0.99407958984375, 0.09832763671875, 0.120849609375, -0.05462646484375)","(0.9622802734375, -0.032958984375, 0.258056640625, -0.07965087890625)"
153044339249,"(0.99407958984375, 0.09832763671875, 0.120849609375, -0.05462646484375)","(0.9622802734375, -0.032958984375, 0.258056640625, -0.07965087890625)"
153044347914,"(0.99542236328125, 0.09765625, 0.109619140625, -0.05548095703125)","(0.96484375, -0.0257568359375, 0.24920654296875, -0.0792236328125)"
153044354752,"(0.99664306640625, 0.09686279296875, 0.09814453125, -0.05657958984375)","(0.96722412109375, -0.019287109375, 0.24029541015625, -0.0794677734375)"
153044360944,"(0.9976806640625, 0.0963134765625, 0.08721923828125, -0.05767822265625)","(0.96722412109375, -0.019287109375, 0.24029541015625, -0.0794677734375)"
153044368341,"(0.9976806640625, 0.0963134765625, 0.08721923828125, -0.05767822265625)","(0.97698974609375, -0.0140380859375, 0.23260498046875, -0.080322265625)"
153044375380,"(0.998291015625, 0.09698486328125, 0.0782470703125, -0.05902099609375)","(0.97845458984375, -0.0101318359375, 0.22601318359375, -0.0816650390625)"
153044384106,"(0.99078369140625, 0.09808349609375, 0.070556640625, -0.06097412109375)","(0.97967529296875, -0.00634765625, 0.22039794921875, -0.08270263671875)"
153044391219,"(0.9986572265625, 0.10028076171875, 0.06500244140625, -0.062744140625)","(0.97186279296875, -0.00634765625, 0.22039794921875, -0.08270263671875)"
153044398612,"(0.9986572265625, 0.10028076171875, 0.06500244140625, -0.062744140625)","(0.980712890625, -0.00311279296875, 0.21551513671875, -0.08349609375)"
153044406759,"(0.99847412109375, 0.10333251953125, 0.06134033203125, -0.0645751953125)","(0.9814453125, 0.000244140625, 0.21209716796875, -0.083740234375)"
153044414553,"(0.99029541015625, 0.10650634765625, 0.059814453125, -0.06658935546875)","(0.9820556640625, 0.00347900390625, 0.209228515625, -0.0841064453125)"
153044422333,"(0.99755859375, 0.110595703125, 0.0595703125, -0.068359375)","(0.9820556640625, 0.00347900390625, 0.209228515625, -0.0841064453125)"
153044427942,"(0.99755859375, 0.110595703125, 0.0595703125, -0.068359375)","(0.98260498046875, 0.00616455078125, 0.2064208984375, -0.08447265625)"
153044435575,"(0.996826171875, 0.1156005859375, 0.0592041015625, -0.0701904296875)","(0.98309326171875, 0.00860595703125, 0.203857421875, -0.0845947265625)"
153044443260,"(0.99603271484375, 0.1214599609375, 0.05926513671875, -0.07220458984375)","(0.98345947265625, 0.01080322265625, 0.2017822265625, -0.08526611328125)"
153044450611,"(0.99603271484375, 0.1214599609375, 0.05926513671875, -0.07220458984375)","(0.98345947265625, 0.01080322265625, 0.2017822265625, -0.08526611328125)"
153044459003,"(0.9949951171875, 0.1279296875, 0.0594482421875, -0.074462890625)","(0.97589111328125, 0.01300048828125, 0.20025634765625, -0.0859375)"
153044466340,"(0.993896484375, 0.134765625, 0.05975341796875, -0.07684326171875)","(0.98382568359375, 0.01507568359375, 0.19952392578125, -0.0860595703125)"
153044474508,"(0.99261474609375, 0.1417236328125, 0.06048583984375, -0.0797119140625)","(0.98370361328125, 0.0169677734375, 0.19989013671875, -0.08563232421875)"
153044481813,"(0.9833984375, 0.14935302734375, 0.0621337890625, -0.082275390625)","(0.98370361328125, 0.0169677734375, 0.19989013671875, -0.08563232421875)"
153044488193,"(0.9833984375, 0.14935302734375, 0.0621337890625, -0.082275390625)","(0.9835205078125, 0.0191650390625, 0.200927734375, -0.0853271484375)"
153044497666,"(0.98175048828125, 0.1575927734375, 0.0643310546875, -0.0848388671875)","(0.9832763671875, 0.021240234375, 0.20196533203125, -0.08526611328125)"
153044504748,"(0.97998046875, 0.16607666015625, 0.06634521484375, -0.0877685546875)","(0.9827880859375, 0.02325439453125, 0.20391845703125, -0.08563232421875)"
153044511483,"(0.97802734375, 0.1746826171875, 0.068359375, -0.0908203125)","(0.9827880859375, 0.02325439453125, 0.20391845703125, -0.08563232421875)"
153044519703,"(0.97802734375, 0.1746826171875, 0.068359375, -0.0908203125)","(0.9822998046875, 0.02520751953125, 0.2059326171875, -0.0853271484375)"
153044527737,"(0.9837646484375, 0.18365478515625, 0.07098388671875, -0.09326171875)","(0.97406005859375, 0.0267333984375, 0.2080078125, -0.0848388671875)"
153044535782,"(0.97381591796875, 0.19281005859375, 0.0738525390625, -0.094970703125)","(0.9737548828125, 0.02789306640625, 0.2095947265625, -0.08441162109375)"
153044543183,"(0.971923828125, 0.20111083984375, 0.076171875, -0.09539794921875)","(0.9737548828125, 0.02789306640625, 0.2095947265625, -0.08441162109375)"
153044551448,"(0.970458984375, 0.2078857421875, 0.07720947265625, -0.0947265625)","(0.9735107421875, 0.0281982421875, 0.21112060546875, -0.08306884765625)"
153044561708,"(0.969482421875, 0.21307373046875, 0.0775146484375, -0.093505859375)","(0.97332763671875, 0.0281982421875, 0.21270751953125, -0.081298828125)"
153044569423,"(0.969482421875, 0.21307373046875, 0.0775146484375, -0.093505859375)","(0.97314453125, 0.02740478515625, 0.21441650390625, -0.0791015625)"
153044577279,"(0.9688720703125, 0.21649169921875, 0.0772705078125, -0.091796875)","(0.9730224609375, 0.0257568359375, 0.216064453125, -0.076904296875)"
153044585766,"(0.96881103515625, 0.2178955078125, 0.07672119140625, -0.089599609375)","(0.97271728515625, 0.02410888671875, 0.21820068359375, -0.07513427734375)"
153044593161,"(0.96881103515625, 0.21844482421875, 0.0777587890625, -0.08740234375)","(0.97222900390625, 0.02227783203125, 0.22125244140625, -0.0733642578125)"
153044602571,"(0.96875, 0.21881103515625, 0.079833984375, -0.0853271484375)","(0.97222900390625, 0.02227783203125, 0.22125244140625, -0.0733642578125)"
153044611203,"(0.96875, 0.21881103515625, 0.079833984375, -0.0853271484375)","(0.9718017578125, 0.02044677734375, 0.223876953125, -0.07110595703125)"
153044617657,"(0.9686279296875, 0.2191162109375, 0.082763671875, -0.08294677734375)","(None, None, None, None)"
153044622351,"(0.96844482421875, 0.21954345703125, 0.0860595703125, -0.08074951171875)","(0.97125244140625, 0.018798828125, 0.22711181640625, -0.06878662109375)"
153044627795,"(0.96844482421875, 0.21954345703125, 0.0860595703125, -0.08074951171875)","(None, None, None, None)"
153044633149,"(0.9681396484375, 0.22021484375, 0.08966064453125, -0.07861328125)","(None, None, None, None)"
153044635500,"(0.9681396484375, 0.22021484375, 0.08966064453125, -0.07861328125)","(0.9705810546875, 0.01739501953125, 0.23052978515625, -0.0673828125)"
153044638872,"(0.9681396484375, 0.22021484375, 0.08966064453125, -0.07861328125)","(0.969970703125, 0.01617431640625, 0.2335205078125, -0.06591796875)"
153044644452,"(0.96783447265625, 0.2203369140625, 0.0931396484375, -0.07763671875)","(0.969970703125, 0.01617431640625, 0.2335205078125, -0.06591796875)"
153044649722,"(0.96783447265625, 0.2203369140625, 0.0931396484375, -0.07763671875)","(0.969482421875, 0.014892578125, 0.23614501953125, -0.06439208984375)"
153044653467,"(0.96759033203125, 0.22064208984375, 0.095947265625, -0.0765380859375)","(0.969482421875, 0.014892578125, 0.23614501953125, -0.06439208984375)"
153044658392,"(0.96759033203125, 0.22064208984375, 0.095947265625, -0.0765380859375)","(None, None, None, None)"
153044660960,"(0.96759033203125, 0.22064208984375, 0.095947265625, -0.0765380859375)","(0.96905517578125, 0.013916015625, 0.238037109375, -0.0634765625)"
153044664742,"(0.96746826171875, 0.220458984375, 0.09814453125, -0.07574462890625)","(0.96905517578125, 0.013916015625, 0.238037109375, -0.0634765625)"
153044669902,"(0.96746826171875, 0.220458984375, 0.09814453125, -0.07574462890625)","(0.96881103515625, 0.01324462890625, 0.2392578125, -0.062744140625)"
153044675407,"(0.96746826171875, 0.22015380859375, 0.099609375, -0.07501220703125)","(0.96881103515625, 0.01324462890625, 0.2392578125, -0.062744140625)"
153044678866,"(0.96746826171875, 0.22015380859375, 0.099609375, -0.07501220703125)","(0.9686279296875, 0.012939453125, 0.24017333984375, -0.06243896484375)"
153044684407,"(0.96759033203125, 0.2197265625, 0.099365234375, -0.0748291015625)","(0.9686279296875, 0.012939453125, 0.24017333984375, -0.06243896484375)"
153044687803,"(0.96759033203125, 0.2197265625, 0.099365234375, -0.0748291015625)","(None, None, None, None)"
153044692554,"(0.96771240234375, 0.2197265625, 0.0982666015625, -0.07464599609375)","(None, None, None, None)"
153044695509,"(0.96771240234375, 0.2197265625, 0.0982666015625, -0.07464599609375)","(None, None, None, None)"
153044698261,"(0.96771240234375, 0.2197265625, 0.0982666015625, -0.07464599609375)","(0.968505859375, 0.012939453125, 0.24053955078125, -0.06268310546875)"
153044702739,"(0.96783447265625, 0.2196044921875, 0.096923828125, -0.07501220703125)","(None, None, None, None)"
153044705527,"(0.96783447265625, 0.2196044921875, 0.096923828125, -0.07501220703125)","(0.9683837890625, 0.01324462890625, 0.24102783203125, -0.0633544921875)"
153044710700,"(0.96783447265625, 0.2196044921875, 0.096923828125, -0.07501220703125)","(0.96820068359375, 0.01348876953125, 0.241455078125, -0.06396484375)"
153044714557,"(0.9678955078125, 0.21966552734375, 0.09576416015625, -0.0760498046875)","(0.96820068359375, 0.01348876953125, 0.241455078125, -0.06396484375)"
153044719607,"(0.9678955078125, 0.21966552734375, 0.09576416015625, -0.0760498046875)","(None, None, None, None)"
153044724019,"(0.9677734375, 0.22039794921875, 0.0947265625, -0.0765380859375)","(0.968017578125, 0.0140380859375, 0.24188232421875, -0.06475830078125)"
153044727434,"(0.9677734375, 0.22039794921875, 0.0947265625, -0.0765380859375)","(0.968017578125, 0.0140380859375, 0.24188232421875, -0.06475830078125)"
153044732137,"(0.967529296875, 0.22137451171875, 0.094482421875, -0.0770263671875)","(None, None, None, None)"
153044735498,"(0.967529296875, 0.22137451171875, 0.094482421875, -0.0770263671875)","(0.96795654296875, 0.01409912109375, 0.24212646484375, -0.06500244140625)"
153044738840,"(0.967529296875, 0.22137451171875, 0.094482421875, -0.0770263671875)","(None, None, None, None)"
153044743685,"(0.96728515625, 0.2225341796875, 0.09417724609375, -0.077392578125)","(None, None, None, None)"
153044746363,"(0.96728515625, 0.2225341796875, 0.09417724609375, -0.077392578125)","(None, None, None, None)"
153044748919,"(0.96728515625, 0.2225341796875, 0.09417724609375, -0.077392578125)","(0.9678955078125, 0.01446533203125, 0.2423095703125, -0.06524658203125)"
153044753613,"(0.96697998046875, 0.22369384765625, 0.09381103515625, -0.07794189453125)","(0.9677734375, 0.0147705078125, 0.24267578125, -0.06549072265625)"
153044757605,"(0.96697998046875, 0.22369384765625, 0.09381103515625, -0.07794189453125)","(0.9677734375, 0.0147705078125, 0.24267578125, -0.06549072265625)"
153044762786,"(0.96697998046875, 0.22369384765625, 0.09381103515625, -0.07794189453125)","(None, None, None, None)"
153044765439,"(0.9666748046875, 0.22491455078125, 0.09423828125, -0.0782470703125)","(0.9676513671875, 0.01483154296875, 0.2431640625, -0.06597900390625)"
153044770510,"(0.9666748046875, 0.22491455078125, 0.09423828125, -0.0782470703125)","(None, None, None, None)"
153044774933,"(0.96649169921875, 0.22576904296875, 0.09381103515625, -0.07843017578125)","(None, None, None, None)"
153044777204,"(0.96649169921875, 0.22576904296875, 0.09381103515625, -0.07843017578125)","(0.96746826171875, 0.01495361328125, 0.24371337890625, -0.0662841796875)"
153044781231,"(0.96649169921875, 0.22576904296875, 0.09381103515625, -0.07843017578125)","(0.9674072265625, 0.0152587890625, 0.243896484375, -0.0662841796875)"
153044786484,"(0.96649169921875, 0.22601318359375, 0.09326171875, -0.078369140625)","(0.9674072265625, 0.0152587890625, 0.243896484375, -0.0662841796875)"
153044789923,"(0.96649169921875, 0.22601318359375, 0.09326171875, -0.078369140625)","(None, None, None, None)"
153044794634,"(0.96636962890625, 0.2266845703125, 0.09295654296875, -0.07818603515625)","(None, None, None, None)"
153044796825,"(0.96636962890625, 0.2266845703125, 0.09295654296875, -0.07818603515625)","(None, None, None, None)"
153044799101,"(0.96636962890625, 0.2266845703125, 0.09295654296875, -0.07818603515625)","(None, None, None, None)"
153044801644,"(0.96636962890625, 0.2266845703125, 0.09295654296875, -0.07818603515625)","(0.96746826171875, 0.015625, 0.24383544921875, -0.06610107421875)"
153044805546,"(0.96630859375, 0.22698974609375, 0.09259033203125, -0.07806396484375)","(None, None, None, None)"
153044807759,"(0.96630859375, 0.22698974609375, 0.09259033203125, -0.07806396484375)","(None, None, None, None)"
153044810364,"(0.96630859375, 0.22698974609375, 0.09259033203125, -0.07806396484375)","(0.967529296875, 0.01519775390625, 0.2435302734375, -0.06573486328125)"
153044814774,"(0.96630859375, 0.22711181640625, 0.09259033203125, -0.07794189453125)","(0.967529296875, 0.01519775390625, 0.2435302734375, -0.06573486328125)"
153044818201,"(0.96630859375, 0.22711181640625, 0.09259033203125, -0.07794189453125)","(0.967529296875, 0.01519775390625, 0.2435302734375, -0.06573486328125)"
153044824371,"(0.9664306640625, 0.22674560546875, 0.09283447265625, -0.0777587890625)","(None, None, None, None)"
153044826717,"(0.9664306640625, 0.22674560546875, 0.09283447265625, -0.0777587890625)","(0.96759033203125, 0.01519775390625, 0.24359130859375, -0.0653076171875)"
153044830136,"(0.9664306640625, 0.22674560546875, 0.09283447265625, -0.0777587890625)","(0.967529296875, 0.01513671875, 0.2437744140625, -0.0650634765625)"
153044835707,"(0.9664306640625, 0.2265625, 0.093505859375, -0.07720947265625)","(None, None, None, None)"
153044837940,"(0.9664306640625, 0.2265625, 0.093505859375, -0.07720947265625)","(0.967529296875, 0.01513671875, 0.2437744140625, -0.0650634765625)"
153044842846,"(-1.0335693359375, 0.2265625, 0.093505859375, -0.07720947265625)","(None, None, None, None)"
153044846269,"(0.9664306640625, 0.22650146484375, 0.09429931640625, -0.0762939453125)","(0.9674072265625, 0.0150146484375, 0.24432373046875, -0.06439208984375)"
153044849720,"(0.9664306640625, 0.22650146484375, 0.09429931640625, -0.0762939453125)","(0.9674072265625, 0.0150146484375, 0.24432373046875, -0.06439208984375)"
153044854838,"(0.96630859375, 0.22705078125, 0.09478759765625, -0.07574462890625)","(None, None, None, None)"
153044857092,"(0.96630859375, 0.22705078125, 0.09478759765625, -0.07574462890625)","(0.96734619140625, 0.01507568359375, 0.2447509765625, -0.06378173828125)"
153044862536,"(0.96630859375, 0.22705078125, 0.09478759765625, -0.07574462890625)","(0.96728515625, 0.01519775390625, 0.24530029296875, -0.0626220703125)"
153044865994,"(0.9661865234375, 0.22760009765625, 0.09521484375, -0.0751953125)","(None, None, None, None)"
153044868209,"(0.9661865234375, 0.22760009765625, 0.09521484375, -0.0751953125)","(0.96728515625, 0.01519775390625, 0.24530029296875, -0.0626220703125)"
153044874814,"(0.96600341796875, 0.2283935546875, 0.09564208984375, -0.074462890625)","(0.9671630859375, 0.014892578125, 0.2459716796875, -0.06182861328125)"
153044878266,"(0.96600341796875, 0.2283935546875, 0.09564208984375, -0.074462890625)","(None, None, None, None)"
153044881680,"(0.96600341796875, 0.2283935546875, 0.09564208984375, -0.074462890625)","(0.967041015625, 0.01495361328125, 0.2467041015625, -0.06103515625)"
153044887113,"(0.96563720703125, 0.22930908203125, 0.09710693359375, -0.07421875)","(0.967041015625, 0.01495361328125, 0.2467041015625, -0.06103515625)"
153044890467,"(0.96563720703125, 0.22930908203125, 0.09710693359375, -0.07421875)","(0.9669189453125, 0.01495361328125, 0.2474365234375, -0.06024169921875)"
153044896171,"(0.96527099609375, 0.23028564453125, 0.09820556640625, -0.07421875)","(0.9669189453125, 0.01495361328125, 0.2474365234375, -0.06024169921875)"
153044900628,"(0.96527099609375, 0.23028564453125, 0.09820556640625, -0.07421875)","(0.9669189453125, 0.01495361328125, 0.2474365234375, -0.06024169921875)"
153044905497,"(0.96514892578125, 0.2308349609375, 0.0986328125, -0.07403564453125)","(0.9666748046875, 0.01519775390625, 0.24835205078125, -0.06005859375)"
153044908903,"(0.96514892578125, 0.2308349609375, 0.0986328125, -0.07403564453125)","(None, None, None, None)"
153044911431,"(0.96514892578125, 0.2308349609375, 0.0986328125, -0.07403564453125)","(0.966552734375, 0.01513671875, 0.24896240234375, -0.0599365234375)"
153044915952,"(0.965087890625, 0.23114013671875, 0.098388671875, -0.073974609375)","(0.966552734375, 0.01513671875, 0.24896240234375, -0.0599365234375)"
153044919641,"(0.965087890625, 0.23114013671875, 0.098388671875, -0.073974609375)","(0.966552734375, 0.01513671875, 0.24896240234375, -0.0599365234375)"
153044926323,"(0.96502685546875, 0.231201171875, 0.09893798828125, -0.0738525390625)","(None, None, None, None)"
153044928665,"(0.96502685546875, 0.231201171875, 0.09893798828125, -0.0738525390625)","(None, None, None, None)"
153044932694,"(0.96502685546875, 0.231201171875, 0.09893798828125, -0.0738525390625)","(0.96612548828125, 0.01605224609375, 0.250244140625, -0.060791015625)"
153044937335,"(0.96484375, 0.23175048828125, 0.0994873046875, -0.07391357421875)","(None, None, None, None)"
153044939500,"(0.96484375, 0.23175048828125, 0.0994873046875, -0.07391357421875)","(0.96612548828125, 0.01605224609375, 0.250244140625, -0.060791015625)"
153044944837,"(0.96478271484375, 0.23187255859375, 0.09979248046875, -0.07403564453125)","(None, None, None, None)"
153044947846,"(0.96478271484375, 0.23187255859375, 0.09979248046875, -0.07403564453125)","(0.96612548828125, 0.016357421875, 0.25006103515625, -0.06146240234375)"
153044951373,"(0.96478271484375, 0.23187255859375, 0.09979248046875, -0.07403564453125)","(0.96612548828125, 0.016357421875, 0.25006103515625, -0.06146240234375)"
153044956240,"(0.9647216796875, 0.232177734375, 0.0999755859375, -0.07391357421875)","(0.96624755859375, 0.01715087890625, 0.24969482421875, -0.0615234375)"
153044959682,"(None, None, None, None)","(0.96624755859375, 0.01715087890625, 0.24969482421875, -0.0615234375)"
153044963750,"(0.9647216796875, 0.232177734375, 0.0999755859375, -0.07391357421875)","(None, None, None, None)"
153044966426,"(0.964599609375, 0.2322998046875, 0.100341796875, -0.0740966796875)","(None, None, None, None)"
153044968600,"(0.964599609375, 0.2322998046875, 0.100341796875, -0.0740966796875)","(None, None, None, None)"
153044971243,"(0.964599609375, 0.2322998046875, 0.100341796875, -0.0740966796875)","(0.9661865234375, 0.01739501953125, 0.249755859375, -0.0618896484375)"
153044976889,"(0.964599609375, 0.23248291015625, 0.1002197265625, -0.073974609375)","(0.96612548828125, 0.01776123046875, 0.249755859375, -0.06201171875)"
153044980338,"(0.964599609375, 0.23248291015625, 0.1002197265625, -0.073974609375)","(0.96612548828125, 0.01776123046875, 0.249755859375, -0.06201171875)"
153044986123,"(0.964599609375, 0.23236083984375, 0.10052490234375, -0.07354736328125)","(None, None, None, None)"
153044988382,"(0.964599609375, 0.23236083984375, 0.10052490234375, -0.07354736328125)","(0.9661865234375, 0.0179443359375, 0.24945068359375, -0.06243896484375)"
153044992529,"(0.964599609375, 0.23236083984375, 0.10052490234375, -0.07354736328125)","(None, None, None, None)"
153044996858,"(0.96453857421875, 0.23260498046875, 0.1011962890625, -0.07305908203125)","(None, None, None, None)"
153044999240,"(0.96453857421875, 0.23260498046875, 0.1011962890625, -0.07305908203125)","(0.96624755859375, 0.018310546875, 0.249267578125, -0.0623779296875)"
153045002629,"(0.96453857421875, 0.23260498046875, 0.1011962890625, -0.07305908203125)","(0.96630859375, 0.01861572265625, 0.2489013671875, -0.0625)"
153045007210,"(0.96453857421875, 0.2325439453125, 0.101806640625, -0.07269287109375)","(0.96630859375, 0.01861572265625, 0.2489013671875, -0.0625)"
153045010795,"(0.96453857421875, 0.2325439453125, 0.101806640625, -0.07269287109375)","(0.96630859375, 0.01861572265625, 0.2489013671875, -0.0625)"
153045016639,"(0.96429443359375, 0.23297119140625, 0.1029052734375, -0.072509765625)","(0.9664306640625, 0.01904296875, 0.2486572265625, -0.062255859375)"
153045020048,"(0.96429443359375, 0.23297119140625, 0.1029052734375, -0.072509765625)","(None, None, None, None)"
153045022664,"(0.96429443359375, 0.23297119140625, 0.1029052734375, -0.072509765625)","(None, None, None, None)"
153045027074,"(0.96435546875, 0.23272705078125, 0.1036376953125, -0.07177734375)","(None, None, None, None)"
153045029431,"(0.96435546875, 0.23272705078125, 0.1036376953125, -0.07177734375)","(0.96649169921875, 0.01910400390625, 0.24847412109375, -0.0618896484375)"
153045033073,"(0.96435546875, 0.23272705078125, 0.1036376953125, -0.07177734375)","(None, None, None, None)"
153045037356,"(0.9642333984375, 0.22467041015625, 0.10516357421875, -0.071533203125)","(None, None, None, None)"
153045039603,"(0.9642333984375, 0.23248291015625, 0.10516357421875, -0.071533203125)","(None, None, None, None)"
153045043360,"(0.9642333984375, 0.23248291015625, 0.10516357421875, -0.071533203125)","(0.96636962890625, 0.018310546875, 0.248779296875, -0.06219482421875)"
153045048837,"(0.96405029296875, 0.23272705078125, 0.107177734375, -0.07080078125)","(None, None, None, None)"
153045051666,"(0.96405029296875, 0.23272705078125, 0.107177734375, -0.07080078125)","(None, None, None, None)"
153045054199,"(0.96405029296875, 0.23272705078125, 0.107177734375, -0.07080078125)","(0.9664306640625, 0.01806640625, 0.24859619140625, -0.0621337890625)"
153045058607,"(0.96392822265625, 0.232177734375, 0.1090087890625, -0.07080078125)","(None, None, None, None)"
153045060982,"(0.96392822265625, 0.232177734375, 0.1090087890625, -0.07080078125)","(None, None, None, None)"
153045063637,"(0.96392822265625, 0.232177734375, 0.1090087890625, -0.07080078125)","(0.9664306640625, 0.01806640625, 0.24859619140625, -0.0621337890625)"
153045067925,"(0.9637451171875, 0.23211669921875, 0.111083984375, -0.070068359375)","(0.9666748046875, 0.01776123046875, 0.24774169921875, -0.06195068359375)"
153045072737,"(0.9637451171875, 0.23211669921875, 0.111083984375, -0.070068359375)","(None, None, None, None)"
153045077761,"(0.9637451171875, 0.23175048828125, 0.1124267578125, -0.069580078125)","(0.96710205078125, 0.0172119140625, 0.24603271484375, -0.06243896484375)"
153045081402,"(0.9637451171875, 0.23175048828125, 0.1124267578125, -0.069580078125)","(None, None, None, None)"
153045085471,"(0.96405029296875, 0.23052978515625, 0.11224365234375, -0.06951904296875)","(0.9676513671875, 0.0166015625, 0.24365234375, -0.063232421875)"
153045089687,"(0.96405029296875, 0.23052978515625, 0.11224365234375, -0.06951904296875)","(None, None, None, None)"
153045093690,"(0.96405029296875, 0.23052978515625, 0.11224365234375, -0.06951904296875)","(0.96832275390625, 0.01617431640625, 0.24078369140625, -0.06427001953125)"
153045099129,"(0.964599609375, 0.228271484375, 0.112060546875, -0.06976318359375)","(None, None, None, None)"
153045101379,"(0.964599609375, 0.228271484375, 0.112060546875, -0.06976318359375)","(0.96832275390625, 0.01617431640625, 0.24078369140625, -0.06427001953125)"
153045106524,"(0.96533203125, 0.225341796875, 0.11126708984375, -0.0709228515625)","(0.968994140625, 0.015380859375, 0.23785400390625, -0.06536865234375)"
153045110316,"(0.96533203125, 0.225341796875, 0.11126708984375, -0.0709228515625)","(None, None, None, None)"
153045112885,"(0.96533203125, 0.225341796875, 0.11126708984375, -0.0709228515625)","(0.968994140625, 0.015380859375, 0.23785400390625, -0.06536865234375)"
153045117950,"(0.96600341796875, 0.22235107421875, 0.11041259765625, -0.07220458984375)","(None, None, None, None)"
153045120799,"(0.96600341796875, 0.22235107421875, 0.11041259765625, -0.07220458984375)","(0.96966552734375, 0.01409912109375, 0.23480224609375, -0.06640625)"
153045128032,"(0.9666748046875, 0.21905517578125, 0.10980224609375, -0.07373046875)","(0.97015380859375, 0.01300048828125, 0.232421875, -0.06787109375)"
153045131802,"(0.9666748046875, 0.21905517578125, 0.10980224609375, -0.07373046875)","(None, None, None, None)"
153045135858,"(0.96728515625, 0.21624755859375, 0.1094970703125, -0.07470703125)","(0.97076416015625, 0.01202392578125, 0.22967529296875, -0.0692138671875)"
153045140085,"(0.96728515625, 0.21624755859375, 0.1094970703125, -0.07470703125)","(0.97076416015625, 0.01202392578125, 0.22967529296875, -0.0692138671875)"
153045144885,"(0.96728515625, 0.21624755859375, 0.1094970703125, -0.07470703125)","(0.9713134765625, 0.01141357421875, 0.22711181640625, -0.06982421875)"
153045150298,"(0.96807861328125, 0.212890625, 0.108642578125, -0.07568359375)","(None, None, None, None)"
153045152905,"(0.96807861328125, 0.212890625, 0.108642578125, -0.07568359375)","(None, None, None, None)"
153045155525,"(0.9688720703125, 0.2093505859375, 0.1077880859375, -0.07659912109375)","(None, None, None, None)"
153045158630,"(0.9688720703125, 0.2093505859375, 0.1077880859375, -0.07659912109375)","(None, None, None, None)"
153045160865,"(None, None, None, None)","(0.9718017578125, 0.01104736328125, 0.224609375, -0.0706787109375)"
153045164141,"(0.9688720703125, 0.2093505859375, 0.1077880859375, -0.07659912109375)","(None, None, None, None)"
153045166755,"(0.96978759765625, 0.20587158203125, 0.10589599609375, -0.07672119140625)","(None, None, None, None)"
153045169478,"(0.96978759765625, 0.20587158203125, 0.10589599609375, -0.07672119140625)","(0.97235107421875, 0.01031494140625, 0.22210693359375, -0.07159423828125)"
153045174409,"(0.96978759765625, 0.20587158203125, 0.10589599609375, -0.07672119140625)","(0.97271728515625, 0.010009765625, 0.2203369140625, -0.07232666015625)"
153045180104,"(0.9708251953125, 0.20208740234375, 0.10400390625, -0.0765380859375)","(None, None, None, None)"
153045183715,"(0.9708251953125, 0.20208740234375, 0.10400390625, -0.0765380859375)","(None, None, None, None)"
153045187698,"(0.9716796875, 0.19842529296875, 0.10321044921875, -0.0765380859375)","(None, None, None, None)"
153045190299,"(0.9716796875, 0.19842529296875, 0.10321044921875, -0.0765380859375)","(0.972900390625, 0.0098876953125, 0.21917724609375, -0.0732421875)"
153045195036,"(0.9716796875, 0.19842529296875, 0.10321044921875, -0.0765380859375)","(None, None, None, None)"
153045199078,"(0.97235107421875, 0.19561767578125, 0.10302734375, -0.07550048828125)","(None, None, None, None)"
153045201315,"(0.97235107421875, 0.19561767578125, 0.10302734375, -0.07550048828125)","(0.9730224609375, 0.01031494140625, 0.21844482421875, -0.07366943359375)"
153045206695,"(0.972900390625, 0.19281005859375, 0.1036376953125, -0.07464599609375)","(None, None, None, None)"
153045209261,"(0.972900390625, 0.19281005859375, 0.1036376953125, -0.07464599609375)","(0.97308349609375, 0.0103759765625, 0.21807861328125, -0.07403564453125)"
153045212990,"(0.972900390625, 0.19281005859375, 0.1036376953125, -0.07464599609375)","(0.97308349609375, 0.0103759765625, 0.21807861328125, -0.07403564453125)"
153045218124,"(0.97344970703125, 0.18975830078125, 0.104736328125, -0.0733642578125)","(None, None, None, None)"
153045220782,"(0.97344970703125, 0.18975830078125, 0.104736328125, -0.0733642578125)","(0.9730224609375, 0.0106201171875, 0.21820068359375, -0.07421875)"
153045227641,"(0.97412109375, 0.18597412109375, 0.10589599609375, -0.0723876953125)","(None, None, None, None)"
153045230238,"(0.97412109375, 0.18597412109375, 0.10589599609375, -0.0723876953125)","(None, None, None, None)"
153045233275,"(0.97412109375, 0.18597412109375, 0.10589599609375, -0.0723876953125)","(None, None, None, None)"
153045237515,"(0.97479248046875, 0.1822509765625, 0.1077880859375, -0.0704345703125)","(0.9730224609375, 0.0103759765625, 0.21826171875, -0.0743408203125)"
153045241456,"(0.97479248046875, 0.1822509765625, 0.1077880859375, -0.0704345703125)","(None, None, None, None)"
153045245811,"(0.97552490234375, 0.17779541015625, 0.1099853515625, -0.068603515625)","(0.972900390625, 0.00994873046875, 0.2186279296875, -0.07427978515625)"
153045251193,"(0.97552490234375, 0.17779541015625, 0.1099853515625, -0.068603515625)","(None, None, None, None)"
153045253471,"(0.97552490234375, 0.17779541015625, 0.1099853515625, -0.068603515625)","(0.972900390625, 0.00994873046875, 0.2186279296875, -0.07427978515625)"
153045258961,"(0.97613525390625, 0.17315673828125, 0.11309814453125, -0.06622314453125)","(0.97271728515625, 0.00946044921875, 0.21954345703125, -0.07427978515625)"
153045262819,"(0.97613525390625, 0.17315673828125, 0.11309814453125, -0.06622314453125)","(None, None, None, None)"
153045265579,"(0.97613525390625, 0.17315673828125, 0.11309814453125, -0.06622314453125)","(0.97271728515625, 0.00946044921875, 0.21954345703125, -0.07427978515625)"
153045270567,"(0.97686767578125, 0.16796875, 0.1162109375, -0.06329345703125)","(0.97265625, 0.0086669921875, 0.22003173828125, -0.073974609375)"
153045277323,"(0.97760009765625, 0.16278076171875, 0.11962890625, -0.0595703125)","(0.97271728515625, 0.0081787109375, 0.2200927734375, -0.0728759765625)"
153045281634,"(0.97760009765625, 0.16278076171875, 0.11962890625, -0.0595703125)","(None, None, None, None)"
153045285686,"(0.97760009765625, 0.16278076171875, 0.11962890625, -0.0595703125)","(0.97271728515625, 0.0081787109375, 0.2200927734375, -0.0728759765625)"
153045290202,"(0.97808837890625, 0.15765380859375, 0.124267578125, -0.0557861328125)","(0.97265625, 0.00750732421875, 0.220703125, -0.0721435546875)"
153045295352,"(0.97808837890625, 0.15765380859375, 0.124267578125, -0.0557861328125)","(0.97265625, 0.00750732421875, 0.220703125, -0.0721435546875)"
153045300870,"(0.97857666015625, 0.1519775390625, 0.12890625, -0.05157470703125)","(0.9725341796875, 0.006591796875, 0.22137451171875, -0.07135009765625)"
153045304280,"(0.97857666015625, 0.1519775390625, 0.12890625, -0.05157470703125)","(None, None, None, None)"
153045306881,"(0.9791259765625, 0.14569091796875, 0.13372802734375, -0.04736328125)","(0.9725341796875, 0.00555419921875, 0.221923828125, -0.0701904296875)"
153045311419,"(0.9791259765625, 0.14569091796875, 0.13372802734375, -0.04736328125)","(None, None, None, None)"
153045313647,"(0.9791259765625, 0.14569091796875, 0.13372802734375, -0.04736328125)","(0.9725341796875, 0.00555419921875, 0.221923828125, -0.0701904296875)"
153045318821,"(0.9794921875, 0.1397705078125, 0.13836669921875, -0.0430908203125)","(None, None, None, None)"
153045321575,"(0.9794921875, 0.1397705078125, 0.13836669921875, -0.0430908203125)","(None, None, None, None)"
153045325986,"(0.9794921875, 0.1397705078125, 0.13836669921875, -0.0430908203125)","(0.97235107421875, 0.00299072265625, 0.22344970703125, -0.06787109375)"
153045331671,"(0.97998046875, 0.13336181640625, 0.14239501953125, -0.0390625)","(0.98016357421875, 0.00299072265625, 0.22344970703125, -0.06787109375)"
153045338360,"(0.98077392578125, 0.1263427734375, 0.1446533203125, -0.03521728515625)","(0.9801025390625, 0.001953125, 0.22393798828125, -0.067138671875)"
153045346498,"(0.9814453125, 0.1197509765625, 0.14630126953125, -0.0313720703125)","(0.98004150390625, 0.000732421875, 0.22454833984375, -0.0662841796875)"
153045355268,"(0.9814453125, 0.1197509765625, 0.14630126953125, -0.0313720703125)","(0.97998046875, -0.0003662109375, 0.22491455078125, -0.06524658203125)"
153045364311,"(0.98211669921875, 0.11346435546875, 0.1475830078125, -0.0277099609375)","(0.97216796875, -0.0003662109375, 0.22491455078125, -0.06524658203125)"
153045372594,"(0.982666015625, 0.1072998046875, 0.1490478515625, -0.02435302734375)","(0.97210693359375, -0.001220703125, 0.22564697265625, -0.064453125)"
153045383046,"(0.983154296875, 0.10137939453125, 0.1505126953125, -0.0213623046875)","(0.979736328125, -0.00238037109375, 0.2264404296875, -0.064208984375)"
153045392582,"(0.9837646484375, 0.09564208984375, 0.15093994140625, -0.01837158203125)","(0.97967529296875, -0.0035400390625, 0.2266845703125, -0.06402587890625)"
153045402334,"(0.9921875, 0.09027099609375, 0.1505126953125, -0.01556396484375)","(0.971923828125, -0.0042724609375, 0.22637939453125, -0.06402587890625)"
153045411841,"(0.99298095703125, 0.0850830078125, 0.1484375, -0.01287841796875)","(0.97222900390625, -0.00531005859375, 0.22509765625, -0.06414794921875)"
153045421439,"(0.986083984375, 0.08013916015625, 0.14520263671875, -0.01068115234375)","(0.9727783203125, -0.00592041015625, 0.22259521484375, -0.06463623046875)"
153045432716,"(0.987060546875, 0.07550048828125, 0.14111328125, -0.0084228515625)","(0.9732666015625, -0.00628662109375, 0.22015380859375, -0.0654296875)"
153045441177,"(0.9879150390625, 0.0718994140625, 0.13714599609375, -0.0064697265625)","(0.9737548828125, -0.00640869140625, 0.2176513671875, -0.06622314453125)"
153045447299,"(0.98858642578125, 0.06854248046875, 0.13427734375, -0.0048828125)","(None, None, None, None)"
153045452475,"(0.98858642578125, 0.06854248046875, 0.13427734375, -0.0048828125)","(0.9742431640625, -0.00689697265625, 0.215087890625, -0.0670166015625)"
153045458780,"(0.9891357421875, 0.0657958984375, 0.13140869140625, -0.00360107421875)","(0.97467041015625, -0.00732421875, 0.21307373046875, -0.0677490234375)"
153045464862,"(0.9891357421875, 0.0657958984375, 0.13140869140625, -0.00360107421875)","(0.97467041015625, -0.00732421875, 0.21307373046875, -0.0677490234375)"
153045471622,"(0.98956298828125, 0.0635986328125, 0.12933349609375, -0.0023193359375)","(0.9749755859375, -0.0079345703125, 0.21142578125, -0.06829833984375)"
153045480492,"(0.98980712890625, 0.0615234375, 0.1285400390625, -0.00103759765625)","(0.97515869140625, -0.00830078125, 0.21026611328125, -0.06878662109375)"
153045486706,"(0.98980712890625, 0.0615234375, 0.1285400390625, -0.00103759765625)","(0.97515869140625, -0.00830078125, 0.21026611328125, -0.06878662109375)"
153045492753,"(0.9898681640625, 0.05999755859375, 0.12860107421875, 6.103515625e-05)","(0.9752197265625, -0.0084228515625, 0.2098388671875, -0.06964111328125)"
153045500039,"(0.98992919921875, 0.05865478515625, 0.1287841796875, 0.00103759765625)","(0.97509765625, -0.0084228515625, 0.21002197265625, -0.070556640625)"
153045505140,"(0.98992919921875, 0.05865478515625, 0.1287841796875, 0.00103759765625)","(0.97509765625, -0.0084228515625, 0.21002197265625, -0.070556640625)"
153045512473,"(0.989990234375, 0.05682373046875, 0.12896728515625, 0.001708984375)","(0.9752197265625, -0.00823974609375, 0.20928955078125, -0.0712890625)"
153045519482,"(0.9901123046875, 0.05511474609375, 0.12884521484375, 0.00213623046875)","(0.9752197265625, -0.00823974609375, 0.20892333984375, -0.0718994140625)"
153045525203,"(0.9901123046875, 0.05511474609375, 0.12884521484375, 0.00213623046875)","(0.9752197265625, -0.00823974609375, 0.20892333984375, -0.0718994140625)"
153045533710,"(0.9903564453125, 0.05340576171875, 0.12762451171875, 0.00323486328125)","(0.9830322265625, -0.00823974609375, 0.208740234375, -0.072998046875)"
153045542285,"(0.99072265625, 0.052001953125, 0.12554931640625, 0.00518798828125)","(0.9830322265625, -0.0081787109375, 0.20831298828125, -0.07427978515625)"
153045550166,"(0.99884033203125, 0.051025390625, 0.12353515625, 0.00677490234375)","(0.98297119140625, -0.00799560546875, 0.20794677734375, -0.07550048828125)"
153045556764,"(0.99884033203125, 0.051025390625, 0.12353515625, 0.00677490234375)","(0.97515869140625, -0.00799560546875, 0.20794677734375, -0.07550048828125)"
153045565081,"(0.9991455078125, 0.0498046875, 0.12152099609375, 0.00799560546875)","(0.98291015625, -0.007568359375, 0.2081298828125, -0.0765380859375)"
153045572699,"(0.99163818359375, 0.04791259765625, 0.11968994140625, 0.0089111328125)","(0.98284912109375, -0.00750732421875, 0.20819091796875, -0.0767822265625)"
153045582621,"(0.99176025390625, 0.046630859375, 0.11883544921875, 0.00933837890625)","(0.9825439453125, -0.00738525390625, 0.2093505859375, -0.07757568359375)"
153045591780,"(0.99969482421875, 0.045654296875, 0.1181640625, 0.00982666015625)","(0.98236083984375, -0.00762939453125, 0.20989990234375, -0.07806396484375)"
153045599661,"(0.999755859375, 0.04522705078125, 0.11798095703125, 0.010498046875)","(0.98236083984375, -0.00799560546875, 0.2099609375, -0.07806396484375)"
153045605905,"(0.999755859375, 0.04522705078125, 0.11798095703125, 0.010498046875)","(0.98236083984375, -0.00799560546875, 0.2099609375, -0.07806396484375)"
153045614611,"(0.9996337890625, 0.044921875, 0.11883544921875, 0.011474609375)","(0.9825439453125, -0.00830078125, 0.208984375, -0.07806396484375)"
153045623128,"(0.9918212890625, 0.043701171875, 0.11932373046875, 0.01239013671875)","(0.98291015625, -0.0089111328125, 0.20751953125, -0.07763671875)"
153045633319,"(0.99188232421875, 0.0419921875, 0.11920166015625, 0.01318359375)","(0.98309326171875, -0.0091552734375, 0.20648193359375, -0.07818603515625)"
153045640971,"(0.9998779296875, 0.04046630859375, 0.11834716796875, 0.01409912109375)","(0.98321533203125, -0.00933837890625, 0.2056884765625, -0.0789794921875)"
153045647818,"(0.99224853515625, 0.039794921875, 0.11688232421875, 0.014892578125)","(0.98321533203125, -0.00933837890625, 0.2056884765625, -0.0789794921875)"
153045655445,"(0.99224853515625, 0.039794921875, 0.11688232421875, 0.014892578125)","(0.9832763671875, -0.00970458984375, 0.2049560546875, -0.0797119140625)"
153045662684,"(0.99237060546875, 0.03887939453125, 0.1162109375, 0.01556396484375)","(0.9832763671875, -0.0098876953125, 0.204833984375, -0.079833984375)"
153045668795,"(0.99237060546875, 0.03839111328125, 0.115966796875, 0.0159912109375)","(0.9832763671875, -0.0098876953125, 0.204833984375, -0.079833984375)"
153045676115,"(0.99237060546875, 0.03839111328125, 0.115966796875, 0.0159912109375)","(0.983154296875, -0.00994873046875, 0.20550537109375, -0.080078125)"
153045684922,"(0.9923095703125, 0.03851318359375, 0.11639404296875, 0.01690673828125)","(0.9830322265625, -0.00970458984375, 0.20599365234375, -0.08013916015625)"
153045692564,"(0.99224853515625, 0.03814697265625, 0.11700439453125, 0.01715087890625)","(0.98291015625, -0.0093994140625, 0.20654296875, -0.08050537109375)"
153045699918,"(0.99224853515625, 0.0377197265625, 0.1173095703125, 0.01727294921875)","(0.98291015625, -0.0093994140625, 0.20654296875, -0.08050537109375)"
153045705707,"(0.99224853515625, 0.0377197265625, 0.1173095703125, 0.01727294921875)","(0.9749755859375, -0.00921630859375, 0.2069091796875, -0.08050537109375)"
153045712903,"(0.99993896484375, 0.03753662109375, 0.11810302734375, 0.01678466796875)","(0.9825439453125, -0.0081787109375, 0.2081298828125, -0.08074951171875)"
153045718716,"(0.99993896484375, 0.036865234375, 0.11859130859375, 0.01593017578125)","(0.9825439453125, -0.0081787109375, 0.2081298828125, -0.08074951171875)"
153045726601,"(0.99993896484375, 0.036865234375, 0.11859130859375, 0.01593017578125)","(0.982177734375, -0.0072021484375, 0.20953369140625, -0.08160400390625)"
153045735762,"(0.99212646484375, 0.03643798828125, 0.11871337890625, 0.01434326171875)","(0.98199462890625, -0.00653076171875, 0.21038818359375, -0.08184814453125)"
153045744485,"(0.99224853515625, 0.03607177734375, 0.11846923828125, 0.0128173828125)","(0.9739990234375, -0.00543212890625, 0.21087646484375, -0.08233642578125)"
153045752456,"(0.99237060546875, 0.0360107421875, 0.117431640625, 0.01116943359375)","(0.98175048828125, -0.00433349609375, 0.21112060546875, -0.08282470703125)"
153045759370,"(0.99261474609375, 0.03582763671875, 0.11566162109375, 0.00982666015625)","(0.9736328125, -0.00335693359375, 0.2127685546875, -0.082275390625)"
153045843380,"(0.9923095703125, 0.03704833984375, 0.1181640625, 0.002685546875)","(0.9736328125, -0.00335693359375, 0.2127685546875, -0.082275390625)"
153045847685,"(0.9923095703125, 0.03704833984375, 0.1181640625, 0.002685546875)","(0.9736328125, -0.003173828125, 0.21295166015625, -0.08209228515625)"
153045853678,"(0.9921875, 0.0374755859375, 0.118896484375, 0.001953125)","(None, None, None, None)"
153045856000,"(0.9921875, 0.0374755859375, 0.118896484375, 0.001953125)","(0.97369384765625, -0.0029296875, 0.21270751953125, -0.0814208984375)"
153045859396,"(0.9921875, 0.0374755859375, 0.118896484375, 0.001953125)","(0.97369384765625, -0.0029296875, 0.21270751953125, -0.0814208984375)"
153045865137,"(0.99212646484375, 0.038330078125, 0.11920166015625, 0.00189208984375)","(0.97369384765625, -0.0028076171875, 0.21270751953125, -0.08135986328125)"
153045869115,"(0.99212646484375, 0.038330078125, 0.11920166015625, 0.00189208984375)","(None, None, None, None)"
153045871797,"(0.9920654296875, 0.03936767578125, 0.119384765625, 0.0015869140625)","(0.97369384765625, -0.0028076171875, 0.21270751953125, -0.08135986328125)"
153045876920,"(0.9920654296875, 0.03936767578125, 0.119384765625, 0.0015869140625)","(None, None, None, None)"
153045880975,"(None, None, None, None)","(None, None, None, None)"
153045882822,"(0.99200439453125, 0.0396728515625, 0.11962890625, 0.001220703125)","(0.97381591796875, -0.00274658203125, 0.21240234375, -0.08111572265625)"
153045888281,"(0.99200439453125, 0.0396728515625, 0.11962890625, 0.001220703125)","(0.973876953125, -0.00250244140625, 0.21234130859375, -0.08062744140625)"
153045893852,"(0.99200439453125, 0.040283203125, 0.11968994140625, 0.0006103515625)","(0.973876953125, -0.00250244140625, 0.21234130859375, -0.08062744140625)"
153045897743,"(0.99200439453125, 0.040283203125, 0.11968994140625, 0.0006103515625)","(None, None, None, None)"
153045901693,"(0.991943359375, 0.04132080078125, 0.119873046875, 0.00054931640625)","(0.973876953125, -0.0020751953125, 0.21258544921875, -0.08013916015625)"
153045905612,"(0.991943359375, 0.04132080078125, 0.119873046875, 0.00054931640625)","(-1.026123046875, -0.0020751953125, 0.21258544921875, -0.08013916015625)"
153045909152,"(0.991943359375, 0.04132080078125, 0.119873046875, 0.00054931640625)","(0.97381591796875, -0.00213623046875, 0.21282958984375, -0.0797119140625)"
153045914004,"(0.99176025390625, 0.04248046875, 0.12078857421875, 0.0003662109375)","(0.97381591796875, -0.00213623046875, 0.21282958984375, -0.0797119140625)"
153045918712,"(0.99176025390625, 0.04248046875, 0.12078857421875, 0.0003662109375)","(0.9737548828125, -0.00189208984375, 0.21319580078125, -0.07989501953125)"
153045922127,"(0.99163818359375, 0.04315185546875, 0.12158203125, -0.000244140625)","(None, None, None, None)"
153045925119,"(0.99163818359375, 0.04315185546875, 0.12158203125, -0.000244140625)","(None, None, None, None)"
153045928996,"(0.99163818359375, 0.04315185546875, 0.12158203125, -0.000244140625)","(None, None, None, None)"
153045933293,"(0.9915771484375, 0.0435791015625, 0.1219482421875, -0.0008544921875)","(None, None, None, None)"
153045935878,"(0.9915771484375, 0.0435791015625, 0.1219482421875, -0.0008544921875)","(None, None, None, None)"
153045939863,"(0.9915771484375, 0.0435791015625, 0.1219482421875, -0.0008544921875)","(0.9735107421875, -0.0006103515625, 0.21429443359375, -0.079833984375)"
153045944525,"(0.99139404296875, 0.04437255859375, 0.12298583984375, -0.00164794921875)","(0.9735107421875, -0.0006103515625, 0.21429443359375, -0.079833984375)"
153045949137,"(0.99139404296875, 0.04437255859375, 0.12298583984375, -0.00164794921875)","(0.97332763671875, -0.00030517578125, 0.215087890625, -0.07989501953125)"
153045954641,"(0.99127197265625, 0.0450439453125, 0.12371826171875, -0.002197265625)","(0.97332763671875, -0.00030517578125, 0.215087890625, -0.07989501953125)"
153045958038,"(0.99127197265625, 0.0450439453125, 0.12371826171875, -0.002197265625)","(0.97314453125, 6.103515625e-05, 0.215576171875, -0.08038330078125)"
153045961433,"(0.99127197265625, 0.045654296875, 0.12359619140625, -0.0025634765625)","(0.97314453125, 6.103515625e-05, 0.215576171875, -0.08038330078125)"
153045967131,"(0.99127197265625, 0.045654296875, 0.12359619140625, -0.0025634765625)","(0.97320556640625, 0.000244140625, 0.21539306640625, -0.080322265625)"
153045970674,"(0.99127197265625, 0.045654296875, 0.12359619140625, -0.0025634765625)","(0.97320556640625, 0.000244140625, 0.21539306640625, -0.080322265625)"
153045976574,"(0.99127197265625, 0.0460205078125, 0.12335205078125, -0.00274658203125)","(None, None, None, None)"
153045980694,"(0.99139404296875, 0.0455322265625, 0.12274169921875, -0.00335693359375)","(0.97332763671875, 0.00018310546875, 0.21490478515625, -0.080322265625)"
153045986872,"(0.99139404296875, 0.0455322265625, 0.12274169921875, -0.00335693359375)","(None, None, None, None)"
153045990906,"(0.991455078125, 0.04541015625, 0.12225341796875, -0.00384521484375)","(None, None, None, None)"
153045994194,"(0.991455078125, 0.04541015625, 0.12225341796875, -0.00384521484375)","(0.973388671875, 0.00048828125, 0.21478271484375, -0.08026123046875)"
153045997665,"(0.991455078125, 0.04541015625, 0.12225341796875, -0.00384521484375)","(0.9732666015625, 0.0008544921875, 0.2149658203125, -0.08056640625)"
153046002995,"(0.991455078125, 0.04547119140625, 0.1219482421875, -0.00439453125)","(0.9732666015625, 0.0008544921875, 0.2149658203125, -0.08056640625)"
153046006884,"(0.991455078125, 0.04547119140625, 0.1219482421875, -0.00439453125)","(0.973388671875, 0.0008544921875, 0.21453857421875, -0.08050537109375)"
153046010753,"(0.991455078125, 0.04547119140625, 0.1219482421875, -0.00445556640625)","(0.973388671875, 0.0008544921875, 0.21453857421875, -0.08050537109375)"
153046016572,"(0.991455078125, 0.04547119140625, 0.1219482421875, -0.00445556640625)","(0.97344970703125, 0.00048828125, 0.21429443359375, -0.08026123046875)"
153046022012,"(0.99139404296875, 0.0460205078125, 0.122314453125, -0.00433349609375)","(None, None, None, None)"
153046024572,"(0.99139404296875, 0.0460205078125, 0.122314453125, -0.00433349609375)","(0.97344970703125, 0.00048828125, 0.21429443359375, -0.08026123046875)"
153046030285,"(0.99139404296875, 0.0460205078125, 0.122314453125, -0.00433349609375)","(0.9735107421875, 0.00042724609375, 0.21441650390625, -0.07977294921875)"
153046035893,"(0.99127197265625, 0.04620361328125, 0.1231689453125, -0.00445556640625)","(0.9735107421875, 0.0003662109375, 0.21453857421875, -0.07891845703125)"
153046041537,"(0.9912109375, 0.0458984375, 0.1239013671875, -0.00537109375)","(0.9735107421875, 0.0003662109375, 0.21453857421875, -0.07891845703125)"
153046045371,"(0.9912109375, 0.0458984375, 0.1239013671875, -0.00537109375)","(0.9735107421875, 0.0003662109375, 0.21453857421875, -0.07891845703125)"
153046050727,"(0.99114990234375, 0.04583740234375, 0.124267578125, -0.00567626953125)","(0.9735107421875, 0.0003662109375, 0.21466064453125, -0.07855224609375)"
153046055663,"(0.99114990234375, 0.04583740234375, 0.124267578125, -0.00567626953125)","(0.9735107421875, 0.0003662109375, 0.21466064453125, -0.07855224609375)"
153046059042,"(0.99114990234375, 0.04583740234375, 0.124267578125, -0.00567626953125)","(0.9735107421875, 0.00067138671875, 0.214599609375, -0.078857421875)"
153046062628,"(0.9912109375, 0.04541015625, 0.12396240234375, -0.005859375)","(None, None, None, None)"
153046064894,"(0.9912109375, 0.04541015625, 0.12396240234375, -0.005859375)","(None, None, None, None)"
153046067709,"(0.9912109375, 0.04541015625, 0.12396240234375, -0.005859375)","(0.9735107421875, 0.00079345703125, 0.21441650390625, -0.0792236328125)"
153046071617,"(0.9912109375, 0.04541015625, 0.12396240234375, -0.005859375)","(0.9735107421875, 0.00079345703125, 0.21441650390625, -0.0792236328125)"
153046076049,"(0.9913330078125, 0.0452880859375, 0.123291015625, -0.0062255859375)","(None, None, None, None)"
153046079996,"(0.9913330078125, 0.0452880859375, 0.123291015625, -0.0062255859375)","(0.9736328125, 0.0009765625, 0.2137451171875, -0.07952880859375)"
153046084698,"(0.99139404296875, 0.044921875, 0.1229248046875, -0.0064697265625)","(0.9736328125, 0.0009765625, 0.2137451171875, -0.07952880859375)"
153046090448,"(0.99139404296875, 0.044921875, 0.1229248046875, -0.0064697265625)","(0.9737548828125, 0.0010986328125, 0.213134765625, -0.07965087890625)"
153046095357,"(0.99139404296875, 0.04443359375, 0.12274169921875, -0.00738525390625)","(None, None, None, None)"
153046098335,"(0.99139404296875, 0.04443359375, 0.12274169921875, -0.00738525390625)","(0.973876953125, 0.0013427734375, 0.21270751953125, -0.07965087890625)"
153046103477,"(0.9915771484375, 0.04364013671875, 0.12188720703125, -0.00830078125)","(0.973876953125, 0.0013427734375, 0.21270751953125, -0.07965087890625)"
153046107243,"(0.9915771484375, 0.04364013671875, 0.12188720703125, -0.00830078125)","(0.973876953125, 0.0013427734375, 0.21270751953125, -0.07965087890625)"
153046110552,"(0.9915771484375, 0.04364013671875, 0.12188720703125, -0.00830078125)","(None, None, None, None)"
153046112905,"(0.9915771484375, 0.04345703125, 0.12158203125, -0.00885009765625)","(None, None, None, None)"
153046115500,"(0.9915771484375, 0.04345703125, 0.12158203125, -0.00885009765625)","(None, None, None, None)"
153046117949,"(0.9915771484375, 0.04345703125, 0.12158203125, -0.00885009765625)","(0.973876953125, 0.001708984375, 0.21234130859375, -0.08038330078125)"
153046122058,"(None, None, None, None)","(None, None, None, None)"
153046123483,"(0.9915771484375, 0.04339599609375, 0.12152099609375, -0.00927734375)","(0.973876953125, 0.001708984375, 0.21234130859375, -0.08038330078125)"
153046128570,"(0.9915771484375, 0.04339599609375, 0.12152099609375, -0.00927734375)","(0.97393798828125, 0.00152587890625, 0.2119140625, -0.08056640625)"
153046134191,"(0.99163818359375, 0.042724609375, 0.1212158203125, -0.0093994140625)","(0.97393798828125, 0.00152587890625, 0.2119140625, -0.08056640625)"
153046139270,"(0.99163818359375, 0.042724609375, 0.1212158203125, -0.0093994140625)","(0.9739990234375, 0.00152587890625, 0.211669921875, -0.0810546875)"
153046144879,"(0.99169921875, 0.0423583984375, 0.12109375, -0.009765625)","(0.9739990234375, 0.00152587890625, 0.211669921875, -0.0810546875)"
153046148425,"(0.99169921875, 0.0423583984375, 0.12109375, -0.009765625)","(None, None, None, None)"
153046152836,"(0.99176025390625, 0.04156494140625, 0.12091064453125, -0.01019287109375)","(0.97406005859375, 0.00177001953125, 0.211181640625, -0.0814208984375)"
153046156316,"(0.99176025390625, 0.04156494140625, 0.12091064453125, -0.01019287109375)","(None, None, None, None)"
153046158556,"(0.99176025390625, 0.04156494140625, 0.12091064453125, -0.01019287109375)","(None, None, None, None)"
153046160721,"(0.99176025390625, 0.04156494140625, 0.12091064453125, -0.01019287109375)","(None, None, None, None)"
153046163418,"(0.9918212890625, 0.040771484375, 0.1207275390625, -0.0106201171875)","(None, None, None, None)"
153046165585,"(0.9918212890625, 0.040771484375, 0.1207275390625, -0.0106201171875)","(0.97406005859375, 0.00238037109375, 0.21099853515625, -0.08184814453125)"
153046170752,"(0.9918212890625, 0.040771484375, 0.1207275390625, -0.0106201171875)","(None, None, None, None)"
153046173597,"(0.9918212890625, 0.03985595703125, 0.12060546875, -0.0107421875)","(0.9739990234375, 0.00244140625, 0.21112060546875, -0.08197021484375)"
153046178774,"(0.9918212890625, 0.03985595703125, 0.12060546875, -0.0107421875)","(0.97406005859375, 0.00238037109375, 0.2110595703125, -0.0819091796875)"
153046183085,"(0.99188232421875, 0.03887939453125, 0.12042236328125, -0.01123046875)","(0.97406005859375, 0.00238037109375, 0.2110595703125, -0.0819091796875)"
153046187787,"(0.99188232421875, 0.03887939453125, 0.12042236328125, -0.01123046875)","(0.97406005859375, 0.0030517578125, 0.21099853515625, -0.08184814453125)"
153046194017,"(0.9918212890625, 0.038818359375, 0.1212158203125, -0.01123046875)","(0.97406005859375, 0.0030517578125, 0.21099853515625, -0.08184814453125)"
153046197415,"(0.9918212890625, 0.038818359375, 0.1212158203125, -0.01123046875)","(0.97406005859375, 0.0030517578125, 0.21099853515625, -0.08184814453125)"
153046202197,"(0.99169921875, 0.03851318359375, 0.1221923828125, -0.01141357421875)","(0.9739990234375, 0.00335693359375, 0.21099853515625, -0.08258056640625)"
153046206728,"(0.99169921875, 0.03851318359375, 0.1221923828125, -0.01141357421875)","(0.9739990234375, 0.00335693359375, 0.21099853515625, -0.08258056640625)"
153046210094,"(0.99169921875, 0.03851318359375, 0.1221923828125, -0.01141357421875)","(0.973876953125, 0.00360107421875, 0.21136474609375, -0.08294677734375)"
153046214154,"(0.9915771484375, 0.0380859375, 0.12335205078125, -0.01171875)","(None, None, None, None)"
153046216332,"(0.9915771484375, 0.0380859375, 0.12335205078125, -0.01171875)","(0.973876953125, 0.00360107421875, 0.21136474609375, -0.08294677734375)"
153046221510,"(0.9915771484375, 0.0380859375, 0.12335205078125, -0.01171875)","(0.973876953125, 0.00347900390625, 0.21136474609375, -0.0828857421875)"
153046225505,"(0.99139404296875, 0.03765869140625, 0.12469482421875, -0.01202392578125)","(None, None, None, None)"
153046228093,"(0.99139404296875, 0.03765869140625, 0.12469482421875, -0.01202392578125)","(0.973876953125, 0.00347900390625, 0.21136474609375, -0.0828857421875)"
153046233445,"(0.991455078125, 0.0372314453125, 0.12445068359375, -0.01165771484375)","(0.973876953125, 0.0037841796875, 0.21148681640625, -0.08251953125)"
153046237830,"(0.991455078125, 0.0372314453125, 0.12445068359375, -0.01165771484375)","(0.973876953125, 0.00372314453125, 0.21136474609375, -0.08282470703125)"
153046243873,"(0.99151611328125, 0.03662109375, 0.1243896484375, -0.01190185546875)","(0.973876953125, 0.00372314453125, 0.21136474609375, -0.08282470703125)"
153046247566,"(0.99151611328125, 0.03662109375, 0.1243896484375, -0.01190185546875)","(0.973876953125, 0.00372314453125, 0.21136474609375, -0.08282470703125)"
153046252962,"(0.9915771484375, 0.03631591796875, 0.123779296875, -0.01239013671875)","(0.97381591796875, 0.00372314453125, 0.2115478515625, -0.08331298828125)"
153046257007,"(0.9915771484375, 0.03631591796875, 0.123779296875, -0.01239013671875)","(0.97381591796875, 0.00372314453125, 0.2115478515625, -0.08331298828125)"
153046260334,"(0.9915771484375, 0.03631591796875, 0.123779296875, -0.01239013671875)","(0.97381591796875, 0.00360107421875, 0.21142578125, -0.08349609375)"
153046263920,"(0.99169921875, 0.03607177734375, 0.1229248046875, -0.01287841796875)","(None, None, None, None)"
153046266380,"(0.99169921875, 0.03607177734375, 0.1229248046875, -0.01287841796875)","(0.97381591796875, 0.00360107421875, 0.21142578125, -0.08349609375)"
153046271593,"(0.99169921875, 0.03607177734375, 0.1229248046875, -0.01287841796875)","(0.97369384765625, 0.0030517578125, 0.211669921875, -0.08404541015625)"
153046275464,"(0.99169921875, 0.03607177734375, 0.12274169921875, -0.01324462890625)","(None, None, None, None)"
153046277776,"(0.99169921875, 0.03607177734375, 0.12274169921875, -0.01324462890625)","(None, None, None, None)"
153046280685,"(0.99169921875, 0.03607177734375, 0.12274169921875, -0.01324462890625)","(0.9737548828125, 0.0029296875, 0.2115478515625, -0.08416748046875)"
153046286017,"(0.99169921875, 0.035888671875, 0.122802734375, -0.01422119140625)","(None, None, None, None)"
153046288174,"(0.99169921875, 0.035888671875, 0.122802734375, -0.01422119140625)","(0.97381591796875, 0.00347900390625, 0.2110595703125, -0.084228515625)"
153046294572,"(0.99163818359375, 0.03582763671875, 0.1229248046875, -0.01446533203125)","(None, None, None, None)"
153046296816,"(0.99163818359375, 0.03582763671875, 0.1229248046875, -0.01446533203125)","(None, None, None, None)"
153046299110,"(0.99163818359375, 0.03582763671875, 0.1229248046875, -0.01446533203125)","(None, None, None, None)"
153046303052,"(0.99176025390625, 0.0361328125, 0.12237548828125, -0.013916015625)","(0.9739990234375, 0.0042724609375, 0.2103271484375, -0.084228515625)"
153046307359,"(0.99176025390625, 0.0361328125, 0.12237548828125, -0.013916015625)","(0.9739990234375, 0.0042724609375, 0.2103271484375, -0.084228515625)"
153046310777,"(0.99176025390625, 0.0361328125, 0.12237548828125, -0.013916015625)","(None, None, None, None)"
153046313029,"(0.9918212890625, 0.0361328125, 0.1217041015625, -0.01409912109375)","(0.9739990234375, 0.004638671875, 0.210205078125, -0.08441162109375)"
153046317009,"(0.9918212890625, 0.0361328125, 0.1217041015625, -0.01409912109375)","(None, None, None, None)"
153046319567,"(0.9918212890625, 0.0361328125, 0.1217041015625, -0.01409912109375)","(0.9739990234375, 0.004638671875, 0.210205078125, -0.08441162109375)"
153046324276,"(0.99176025390625, 0.03656005859375, 0.12213134765625, -0.01446533203125)","(0.973876953125, 0.004638671875, 0.21075439453125, -0.08465576171875)"
153046328300,"(0.99176025390625, 0.03656005859375, 0.12213134765625, -0.01446533203125)","(0.9737548828125, 0.00433349609375, 0.211181640625, -0.0845947265625)"
153046334803,"(0.9915771484375, 0.03717041015625, 0.1231689453125, -0.01458740234375)","(0.9737548828125, 0.00433349609375, 0.211181640625, -0.0845947265625)"
153046338446,"(0.9915771484375, 0.03717041015625, 0.1231689453125, -0.01458740234375)","(0.9737548828125, 0.00433349609375, 0.211181640625, -0.0845947265625)"
153046344904,"(0.99151611328125, 0.037353515625, 0.1236572265625, -0.01507568359375)","(0.9736328125, 0.00396728515625, 0.2117919921875, -0.08477783203125)"
153046348784,"(0.99151611328125, 0.037353515625, 0.1236572265625, -0.01507568359375)","(None, None, None, None)"
153046352759,"(0.9913330078125, 0.03802490234375, 0.12493896484375, -0.01513671875)","(None, None, None, None)"
153046355940,"(0.9913330078125, 0.03802490234375, 0.12493896484375, -0.01513671875)","(0.9735107421875, 0.00372314453125, 0.2122802734375, -0.084716796875)"
153046359263,"(0.9913330078125, 0.03802490234375, 0.12493896484375, -0.01513671875)","(0.9735107421875, 0.00372314453125, 0.2122802734375, -0.084716796875)"
153046362626,"(0.9913330078125, 0.03802490234375, 0.12493896484375, -0.01513671875)","(0.973388671875, 0.00372314453125, 0.21282958984375, -0.08465576171875)"
153046366562,"(0.99114990234375, 0.03863525390625, 0.12603759765625, -0.01519775390625)","(0.973388671875, 0.00372314453125, 0.21282958984375, -0.08465576171875)"
153046371851,"(0.99114990234375, 0.03863525390625, 0.12603759765625, -0.01519775390625)","(None, None, None, None)"
153046374721,"(0.99102783203125, 0.03924560546875, 0.1268310546875, -0.015625)","(None, None, None, None)"
153046376939,"(0.99102783203125, 0.03924560546875, 0.1268310546875, -0.015625)","(None, None, None, None)"
153046379603,"(0.99102783203125, 0.03924560546875, 0.1268310546875, -0.015625)","(None, None, None, None)"
153046384038,"(0.99090576171875, 0.0400390625, 0.12738037109375, -0.01580810546875)","(0.97344970703125, 0.00360107421875, 0.21258544921875, -0.08477783203125)"
153046387879,"(0.99090576171875, 0.0400390625, 0.12738037109375, -0.01580810546875)","(None, None, None, None)"
153046391916,"(0.99090576171875, 0.0400390625, 0.12738037109375, -0.01580810546875)","(0.97344970703125, 0.0035400390625, 0.21258544921875, -0.08502197265625)"
153046397007,"(0.9908447265625, 0.0406494140625, 0.1278076171875, -0.0157470703125)","(0.97344970703125, 0.0035400390625, 0.21258544921875, -0.08502197265625)"
153046400981,"(0.9908447265625, 0.0406494140625, 0.1278076171875, -0.0157470703125)","(None, None, None, None)"
153046405267,"(0.99072265625, 0.04150390625, 0.12841796875, -0.0162353515625)","(0.97332763671875, 0.0037841796875, 0.212890625, -0.08544921875)"
153046408994,"(0.99072265625, 0.04150390625, 0.12841796875, -0.0162353515625)","(None, None, None, None)"
153046411250,"(0.99072265625, 0.04150390625, 0.12841796875, -0.0162353515625)","(0.97332763671875, 0.0037841796875, 0.212890625, -0.08544921875)"
153046414941,"(0.9906005859375, 0.04193115234375, 0.12921142578125, -0.01654052734375)","(0.9732666015625, 0.00421142578125, 0.21307373046875, -0.08563232421875)"
153046418681,"(0.9906005859375, 0.04193115234375, 0.12921142578125, -0.01654052734375)","(0.9732666015625, 0.00421142578125, 0.21307373046875, -0.08563232421875)"
153046422290,"(0.9906005859375, 0.04193115234375, 0.12921142578125, -0.01654052734375)","(0.9732666015625, 0.00433349609375, 0.213134765625, -0.085693359375)"
153046426293,"(0.99041748046875, 0.0423583984375, 0.13031005859375, -0.016845703125)","(0.9732666015625, 0.00433349609375, 0.213134765625, -0.085693359375)"
153046429994,"(0.99041748046875, 0.0423583984375, 0.13031005859375, -0.016845703125)","(0.9732666015625, 0.00433349609375, 0.213134765625, -0.085693359375)"
153046435540,"(0.99029541015625, 0.04241943359375, 0.13116455078125, -0.01739501953125)","(0.9732666015625, 0.00439453125, 0.21319580078125, -0.08551025390625)"
153046439239,"(0.99029541015625, 0.04241943359375, 0.13116455078125, -0.01739501953125)","(0.9732666015625, 0.00439453125, 0.21319580078125, -0.08551025390625)"
153046446067,"(0.990234375, 0.042236328125, 0.13153076171875, -0.017822265625)","(None, None, None, None)"
153046448662,"(0.990234375, 0.042236328125, 0.13153076171875, -0.017822265625)","(0.97314453125, 0.00439453125, 0.213623046875, -0.0859375)"
153046452908,"(0.990234375, 0.042236328125, 0.13153076171875, -0.017822265625)","(0.97308349609375, 0.00482177734375, 0.21368408203125, -0.086181640625)"
153046457922,"(0.9903564453125, 0.041748046875, 0.1309814453125, -0.01800537109375)","(0.97308349609375, 0.00482177734375, 0.21368408203125, -0.086181640625)"
153046461258,"(0.9903564453125, 0.041748046875, 0.1309814453125, -0.01800537109375)","(0.97308349609375, 0.00482177734375, 0.21368408203125, -0.086181640625)"
153046464757,"(0.9903564453125, 0.04168701171875, 0.1307373046875, -0.017822265625)","(0.97308349609375, 0.00506591796875, 0.213623046875, -0.08648681640625)"
153046468565,"(0.9903564453125, 0.04168701171875, 0.1307373046875, -0.017822265625)","(None, None, None, None)"
153046470880,"(0.9903564453125, 0.04168701171875, 0.1307373046875, -0.017822265625)","(0.97308349609375, 0.00506591796875, 0.213623046875, -0.08648681640625)"
153046476019,"(0.9903564453125, 0.04217529296875, 0.1307373046875, -0.017822265625)","(None, None, None, None)"
153046478580,"(0.9903564453125, 0.04217529296875, 0.1307373046875, -0.017822265625)","(None, None, None, None)"
153046481147,"(None, None, None, None)","(0.97308349609375, 0.00543212890625, 0.213623046875, -0.0865478515625)"
153046485552,"(0.99029541015625, 0.0426025390625, 0.130859375, -0.01806640625)","(0.97296142578125, 0.00555419921875, 0.2138671875, -0.0867919921875)"
153046489238,"(0.99029541015625, 0.0426025390625, 0.130859375, -0.01806640625)","(0.97296142578125, 0.00555419921875, 0.2138671875, -0.0867919921875)"
153046496368,"(0.99017333984375, 0.04296875, 0.1317138671875, -0.018310546875)","(0.972900390625, 0.005615234375, 0.214111328125, -0.0870361328125)"
153046500196,"(0.99017333984375, 0.04296875, 0.1317138671875, -0.018310546875)","(0.972900390625, 0.005615234375, 0.214111328125, -0.0870361328125)"
153046505276,"(0.98992919921875, 0.04376220703125, 0.13311767578125, -0.0189208984375)","(None, None, None, None)"
153046507880,"(0.98992919921875, 0.04376220703125, 0.13311767578125, -0.0189208984375)","(None, None, None, None)"
153046510042,"(0.98992919921875, 0.04376220703125, 0.13311767578125, -0.0189208984375)","(None, None, None, None)"
153046512277,"(0.98992919921875, 0.04376220703125, 0.13311767578125, -0.0189208984375)","(0.97283935546875, 0.00531005859375, 0.214599609375, -0.0869140625)"
153046515635,"(0.98968505859375, 0.044189453125, 0.134765625, -0.01995849609375)","(0.97265625, 0.00531005859375, 0.2152099609375, -0.0869140625)"
153046519366,"(0.98968505859375, 0.044189453125, 0.134765625, -0.01995849609375)","(None, None, None, None)"
153046521567,"(0.98968505859375, 0.044189453125, 0.134765625, -0.01995849609375)","(None, None, None, None)"
153046524106,"(0.98968505859375, 0.044189453125, 0.134765625, -0.01995849609375)","(None, None, None, None)"
153046526758,"(0.98944091796875, 0.0445556640625, 0.13616943359375, -0.02099609375)","(None, None, None, None)"
153046529239,"(0.98944091796875, 0.0445556640625, 0.13616943359375, -0.02099609375)","(0.97259521484375, 0.00506591796875, 0.21563720703125, -0.08685302734375)"
153046536215,"(0.9892578125, 0.04534912109375, 0.13726806640625, -0.021728515625)","(0.972412109375, 0.005126953125, 0.216552734375, -0.08660888671875)"
153046539948,"(0.9892578125, 0.04534912109375, 0.13726806640625, -0.021728515625)","(0.98028564453125, 0.0050048828125, 0.216552734375, -0.08624267578125)"
153046548998,"(0.9891357421875, 0.04669189453125, 0.13775634765625, -0.02203369140625)","(0.98028564453125, 0.0050048828125, 0.216552734375, -0.08624267578125)"
153046558179,"(0.99688720703125, 0.04736328125, 0.13751220703125, -0.02294921875)","(0.98028564453125, 0.005126953125, 0.21630859375, -0.08612060546875)"
153046566001,"(0.99700927734375, 0.04779052734375, 0.13653564453125, -0.023681640625)","(0.97247314453125, 0.005126953125, 0.21630859375, -0.08612060546875)"
153046575089,"(0.99713134765625, 0.04815673828125, 0.13568115234375, -0.023681640625)","(0.972412109375, 0.00537109375, 0.21649169921875, -0.086669921875)"
153046584059,"(0.99713134765625, 0.04888916015625, 0.13525390625, -0.024169921875)","(0.98028564453125, 0.0057373046875, 0.21600341796875, -0.0870361328125)"
153046592235,"(0.99713134765625, 0.04888916015625, 0.13525390625, -0.024169921875)","(0.98028564453125, 0.00543212890625, 0.21612548828125, -0.08721923828125)"
153046600753,"(0.9892578125, 0.04986572265625, 0.1351318359375, -0.02484130859375)","(0.9801025390625, 0.0054931640625, 0.2166748046875, -0.0872802734375)"
153046610222,"(0.99688720703125, 0.05108642578125, 0.13568115234375, -0.0257568359375)","(0.9801025390625, 0.0054931640625, 0.2166748046875, -0.0872802734375)"
153046617692,"(0.9967041015625, 0.05255126953125, 0.13641357421875, -0.0267333984375)","(0.97210693359375, 0.0057373046875, 0.217529296875, -0.08740234375)"
153046627048,"(0.99639892578125, 0.054443359375, 0.13775634765625, -0.02813720703125)","(0.97198486328125, 0.0054931640625, 0.2183837890625, -0.0870361328125)"
153046635513,"(0.99603271484375, 0.0562744140625, 0.13934326171875, -0.0294189453125)","(0.979736328125, 0.005615234375, 0.21881103515625, -0.086181640625)"
153046643137,"(0.99603271484375, 0.0562744140625, 0.13934326171875, -0.0294189453125)","(0.9796142578125, 0.005615234375, 0.21966552734375, -0.08575439453125)"
153046650791,"(0.99560546875, 0.05877685546875, 0.14117431640625, -0.03057861328125)","(0.9796142578125, 0.005615234375, 0.21966552734375, -0.08575439453125)"
153046658224,"(0.99517822265625, 0.0609130859375, 0.14263916015625, -0.03253173828125)","(0.9794921875, 0.00531005859375, 0.220458984375, -0.08526611328125)"
153046664466,"(0.99517822265625, 0.0609130859375, 0.14263916015625, -0.03253173828125)","(0.9793701171875, 0.00494384765625, 0.22119140625, -0.08447265625)"
153046671097,"(0.9947509765625, 0.06292724609375, 0.14404296875, -0.0347900390625)","(0.9793701171875, 0.00494384765625, 0.22119140625, -0.08447265625)"
153046678202,"(0.9942626953125, 0.0653076171875, 0.1458740234375, -0.03656005859375)","(0.9791259765625, 0.00457763671875, 0.22247314453125, -0.08380126953125)"
153046687137,"(0.9937744140625, 0.06793212890625, 0.1475830078125, -0.03851318359375)","(0.97894287109375, 0.00408935546875, 0.22381591796875, -0.08270263671875)"
153046695222,"(0.9930419921875, 0.07110595703125, 0.1502685546875, -0.04107666015625)","(0.97857666015625, 0.003662109375, 0.22576904296875, -0.0816650390625)"
153046702065,"(0.9930419921875, 0.07110595703125, 0.1502685546875, -0.04107666015625)","(0.97857666015625, 0.003662109375, 0.22576904296875, -0.0816650390625)"
153046709647,"(0.99224853515625, 0.07470703125, 0.153076171875, -0.04339599609375)","(0.97821044921875, 0.003173828125, 0.2275390625, -0.080810546875)"
153046715806,"(0.98358154296875, 0.0791015625, 0.15576171875, -0.04571533203125)","(0.977783203125, 0.00299072265625, 0.2296142578125, -0.07989501953125)"
153046721616,"(0.98358154296875, 0.0791015625, 0.15576171875, -0.04571533203125)","(0.977783203125, 0.00299072265625, 0.2296142578125, -0.07989501953125)"
153046729270,"(0.982666015625, 0.08380126953125, 0.1583251953125, -0.0474853515625)","(0.9775390625, 0.00250244140625, 0.231201171875, -0.078369140625)"
153046738408,"(0.98199462890625, 0.088134765625, 0.15972900390625, -0.04931640625)","(0.97723388671875, 0.0023193359375, 0.2330322265625, -0.0771484375)"
153046745489,"(0.9813232421875, 0.09222412109375, 0.16064453125, -0.0516357421875)","(0.9769287109375, 0.00225830078125, 0.234619140625, -0.076171875)"
153046752373,"(0.9813232421875, 0.09222412109375, 0.16064453125, -0.0516357421875)","(0.9766845703125, 0.00225830078125, 0.23565673828125, -0.07568359375)"
153046761275,"(0.9808349609375, 0.0965576171875, 0.16064453125, -0.05364990234375)","(0.9766845703125, 0.00225830078125, 0.23565673828125, -0.07568359375)"
153046767801,"(0.98040771484375, 0.10089111328125, 0.1597900390625, -0.055419921875)","(0.96868896484375, 0.00201416015625, 0.23638916015625, -0.0755615234375)"
153046776148,"(0.9801025390625, 0.105224609375, 0.15850830078125, -0.05706787109375)","(0.96868896484375, 0.001708984375, 0.23651123046875, -0.0753173828125)"
153046783565,"(0.9801025390625, 0.105224609375, 0.15850830078125, -0.05706787109375)","(0.96856689453125, 0.001708984375, 0.23724365234375, -0.074951171875)"
153046791743,"(0.97979736328125, 0.1092529296875, 0.15667724609375, -0.05926513671875)","(0.96856689453125, 0.001708984375, 0.23724365234375, -0.074951171875)"
153046801504,"(0.97943115234375, 0.11322021484375, 0.1551513671875, -0.0616455078125)","(0.9683837890625, 0.001708984375, 0.2379150390625, -0.07501220703125)"
153046810930,"(0.97918701171875, 0.11712646484375, 0.153076171875, -0.06378173828125)","(0.9683837890625, 0.00213623046875, 0.238037109375, -0.0750732421875)"
153046817871,"(0.97882080078125, 0.12164306640625, 0.15093994140625, -0.065673828125)","(0.9681396484375, 0.00250244140625, 0.238525390625, -0.07598876953125)"
153046824220,"(0.97882080078125, 0.12164306640625, 0.15093994140625, -0.065673828125)","(0.9678955078125, 0.00335693359375, 0.2393798828125, -0.07672119140625)"
153046832580,"(0.97845458984375, 0.1259765625, 0.14892578125, -0.067626953125)","(0.9678955078125, 0.00335693359375, 0.2393798828125, -0.07672119140625)"
153046842129,"(0.9781494140625, 0.1300048828125, 0.1466064453125, -0.06982421875)","(0.96771240234375, 0.0040283203125, 0.2398681640625, -0.0775146484375)"
153046851596,"(0.9776611328125, 0.13482666015625, 0.14373779296875, -0.0726318359375)","(0.96746826171875, 0.0052490234375, 0.240478515625, -0.07818603515625)"
153046859019,"(0.9771728515625, 0.1396484375, 0.14117431640625, -0.075439453125)","(0.96722412109375, 0.00653076171875, 0.24114990234375, -0.07928466796875)"
153046865253,"(0.9771728515625, 0.1396484375, 0.14117431640625, -0.075439453125)","(0.96722412109375, 0.00653076171875, 0.24114990234375, -0.07928466796875)"
153046872312,"(0.9765625, 0.14520263671875, 0.13824462890625, -0.0784912109375)","(0.96697998046875, 0.00775146484375, 0.24169921875, -0.08026123046875)"
153046879883,"(0.9837646484375, 0.15032958984375, 0.13494873046875, -0.0816650390625)","(0.966796875, 0.00872802734375, 0.24224853515625, -0.0811767578125)"
153046888547,"(0.98309326171875, 0.1556396484375, 0.13238525390625, -0.08447265625)","(0.966552734375, 0.00994873046875, 0.2427978515625, -0.082275390625)"
153046895296,"(0.97528076171875, 0.1556396484375, 0.13238525390625, -0.08447265625)","(0.966552734375, 0.00994873046875, 0.2427978515625, -0.082275390625)"
153046902990,"(0.9822998046875, 0.16070556640625, 0.12982177734375, -0.08770751953125)","(0.96649169921875, 0.0108642578125, 0.24249267578125, -0.0833740234375)"
153046910919,"(0.98162841796875, 0.16534423828125, 0.12713623046875, -0.09051513671875)","(0.96661376953125, 0.0115966796875, 0.24176025390625, -0.08428955078125)"
153046917288,"(0.98101806640625, 0.16937255859375, 0.12457275390625, -0.093017578125)","(0.96685791015625, 0.0120849609375, 0.24053955078125, -0.084716796875)"
153046923326,"(0.98101806640625, 0.16937255859375, 0.12457275390625, -0.093017578125)","(0.96685791015625, 0.0120849609375, 0.24053955078125, -0.084716796875)"
153046930997,"(0.97265625, 0.17333984375, 0.1221923828125, -0.094970703125)","(0.9669189453125, 0.01263427734375, 0.2398681640625, -0.08551025390625)"
153046940500,"(0.97210693359375, 0.17645263671875, 0.120361328125, -0.09686279296875)","(0.96697998046875, 0.01300048828125, 0.239501953125, -0.08599853515625)"
153046950395,"(0.9716796875, 0.17889404296875, 0.11907958984375, -0.0982666015625)","(0.96697998046875, 0.01287841796875, 0.23931884765625, -0.08660888671875)"
153046959340,"(0.97906494140625, 0.1810302734375, 0.11834716796875, -0.09954833984375)","(0.9669189453125, 0.0125732421875, 0.23944091796875, -0.0869140625)"
153046965548,"(0.97906494140625, 0.1810302734375, 0.11834716796875, -0.09954833984375)","(0.9669189453125, 0.0125732421875, 0.23944091796875, -0.0869140625)"
153046972920,"(0.9786376953125, 0.18316650390625, 0.1177978515625, -0.10040283203125)","(0.9669189453125, 0.01214599609375, 0.239501953125, -0.08685302734375)"
153046981403,"(0.970458984375, 0.18511962890625, 0.1175537109375, -0.10089111328125)","(0.96673583984375, 0.01202392578125, 0.240234375, -0.08709716796875)"
153046991487,"(0.9700927734375, 0.18719482421875, 0.1173095703125, -0.100830078125)","(0.966552734375, 0.01220703125, 0.24090576171875, -0.08734130859375)"
153047001725,"(0.96978759765625, 0.18890380859375, 0.1177978515625, -0.099853515625)","(0.96649169921875, 0.01214599609375, 0.2412109375, -0.0869140625)"
153047009753,"(0.9774169921875, 0.1905517578125, 0.11785888671875, -0.09844970703125)","(0.96649169921875, 0.01214599609375, 0.24139404296875, -0.0863037109375)"
153047016362,"(0.9774169921875, 0.1905517578125, 0.11785888671875, -0.09844970703125)","(0.96649169921875, 0.01214599609375, 0.24139404296875, -0.0863037109375)"
153047023561,"(0.977294921875, 0.19219970703125, 0.11724853515625, -0.096923828125)","(0.966552734375, 0.01239013671875, 0.24139404296875, -0.0858154296875)"
153047031240,"(0.96954345703125, 0.19329833984375, 0.11614990234375, -0.09552001953125)","(0.966552734375, 0.0126953125, 0.24169921875, -0.08502197265625)"
153047041389,"(0.9774169921875, 0.19439697265625, 0.1151123046875, -0.09393310546875)","(0.96661376953125, 0.012939453125, 0.2415771484375, -0.08404541015625)"
153047050193,"(0.97760009765625, 0.19512939453125, 0.11376953125, -0.09222412109375)","(0.9666748046875, 0.01324462890625, 0.2418212890625, -0.08343505859375)"
153047056805,"(0.9776611328125, 0.196044921875, 0.1129150390625, -0.0909423828125)","(0.9666748046875, 0.01324462890625, 0.2418212890625, -0.08343505859375)"
153047063239,"(0.9776611328125, 0.196044921875, 0.1129150390625, -0.0909423828125)","(0.96661376953125, 0.01361083984375, 0.24224853515625, -0.08258056640625)"
153047069385,"(0.97760009765625, 0.197021484375, 0.1126708984375, -0.08941650390625)","(0.96649169921875, 0.01397705078125, 0.2430419921875, -0.0814208984375)"
153047075846,"(0.97760009765625, 0.197021484375, 0.1126708984375, -0.08941650390625)","(0.96649169921875, 0.01397705078125, 0.2430419921875, -0.0814208984375)"
153047084420,"(0.9774169921875, 0.19842529296875, 0.11273193359375, -0.0882568359375)","(0.96636962890625, 0.0137939453125, 0.2437744140625, -0.0804443359375)"
153047094231,"(0.97723388671875, 0.1995849609375, 0.1129150390625, -0.087158203125)","(0.96630859375, 0.013671875, 0.244384765625, -0.07940673828125)"
153047103621,"(0.9771728515625, 0.2003173828125, 0.1134033203125, -0.08587646484375)","(0.96612548828125, 0.01373291015625, 0.24542236328125, -0.0784912109375)"
153047111638,"(0.97686767578125, 0.2017822265625, 0.11407470703125, -0.0849609375)","(0.96612548828125, 0.01373291015625, 0.24578857421875, -0.07781982421875)"
153047117717,"(0.96905517578125, 0.2017822265625, 0.11407470703125, -0.0849609375)","(0.96612548828125, 0.01373291015625, 0.24578857421875, -0.07781982421875)"
153047123915,"(0.9765625, 0.20361328125, 0.11456298828125, -0.08355712890625)","(0.96588134765625, 0.0140380859375, 0.2467041015625, -0.07757568359375)"
153047129814,"(0.96826171875, 0.2054443359375, 0.1158447265625, -0.0823974609375)","(0.96575927734375, 0.01409912109375, 0.2474365234375, -0.07696533203125)"
153047137142,"(0.9678955078125, 0.20660400390625, 0.11700439453125, -0.082275390625)","(0.96575927734375, 0.01409912109375, 0.2474365234375, -0.07696533203125)"
153047145596,"(0.9678955078125, 0.20660400390625, 0.11700439453125, -0.082275390625)","(0.965576171875, 0.01409912109375, 0.24810791015625, -0.07659912109375)"
153047155097,"(0.9674072265625, 0.20849609375, 0.1177978515625, -0.08221435546875)","(0.96533203125, 0.01416015625, 0.24896240234375, -0.07672119140625)"
153047162810,"(0.96685791015625, 0.21038818359375, 0.11907958984375, -0.08221435546875)","(0.96514892578125, 0.01416015625, 0.24969482421875, -0.0767822265625)"
153047168672,"(0.96649169921875, 0.2115478515625, 0.11981201171875, -0.08245849609375)","(0.96514892578125, 0.01416015625, 0.24969482421875, -0.0767822265625)"
153047175797,"(0.96649169921875, 0.2115478515625, 0.11981201171875, -0.08245849609375)","(0.965087890625, 0.013916015625, 0.2498779296875, -0.07696533203125)"
153047183201,"(0.96612548828125, 0.21282958984375, 0.12030029296875, -0.0826416015625)","(0.96502685546875, 0.0140380859375, 0.25, -0.07733154296875)"
153047192248,"(0.9656982421875, 0.21429443359375, 0.120849609375, -0.0830078125)","(0.96502685546875, 0.0140380859375, 0.25, -0.07806396484375)"
153047200162,"(0.96539306640625, 0.21563720703125, 0.1204833984375, -0.083740234375)","(0.965087890625, 0.01409912109375, 0.24957275390625, -0.078125)"
153047207158,"(0.96539306640625, 0.21563720703125, 0.1204833984375, -0.083740234375)","(0.965087890625, 0.01409912109375, 0.24957275390625, -0.078125)"
153047213903,"(0.9652099609375, 0.21661376953125, 0.1199951171875, -0.0841064453125)","(0.96514892578125, 0.013916015625, 0.24908447265625, -0.0787353515625)"
153047220171,"(0.965087890625, 0.21734619140625, 0.1190185546875, -0.08465576171875)","(0.96514892578125, 0.013916015625, 0.24908447265625, -0.0787353515625)"
153047226246,"(0.965087890625, 0.21734619140625, 0.1190185546875, -0.08465576171875)","(0.96527099609375, 0.013671875, 0.24859619140625, -0.07904052734375)"
153047234464,"(0.9649658203125, 0.21783447265625, 0.11865234375, -0.08563232421875)","(0.96527099609375, 0.0137939453125, 0.24835205078125, -0.07965087890625)"
153047244269,"(0.96484375, 0.21844482421875, 0.11810302734375, -0.0859375)","(0.96527099609375, 0.01397705078125, 0.24835205078125, -0.080078125)"
153047253463,"(0.9647216796875, 0.21905517578125, 0.117919921875, -0.0859375)","(0.96533203125, 0.0140380859375, 0.248046875, -0.080078125)"
153047260895,"(0.9644775390625, 0.21966552734375, 0.11859130859375, -0.08612060546875)","(0.96533203125, 0.0140380859375, 0.248046875, -0.080078125)"
153047266294,"(0.9644775390625, 0.21966552734375, 0.11859130859375, -0.08612060546875)","(0.9652099609375, 0.01397705078125, 0.24853515625, -0.08026123046875)"
153047271971,"(0.96429443359375, 0.22027587890625, 0.119140625, -0.0858154296875)","(0.9652099609375, 0.01397705078125, 0.24853515625, -0.08026123046875)"
153047277609,"(0.96429443359375, 0.22021484375, 0.119384765625, -0.085693359375)","(0.9652099609375, 0.01422119140625, 0.24853515625, -0.08026123046875)"
153047285505,"(0.96429443359375, 0.22021484375, 0.119384765625, -0.085693359375)","(0.96514892578125, 0.01422119140625, 0.2486572265625, -0.08001708984375)"
153047294060,"(0.96429443359375, 0.2200927734375, 0.1199951171875, -0.0858154296875)","(0.96514892578125, 0.0140380859375, 0.2489013671875, -0.08740234375)"
153047301701,"(0.96417236328125, 0.21990966796875, 0.12078857421875, -0.0859375)","(0.96514892578125, 0.0140380859375, 0.2489013671875, -0.07958984375)"
153047308428,"(0.9639892578125, 0.22021484375, 0.1219482421875, -0.08551025390625)","(0.9652099609375, 0.0140380859375, 0.24896240234375, -0.07904052734375)"
153047314952,"(0.9639892578125, 0.22021484375, 0.1219482421875, -0.08551025390625)","(0.96514892578125, 0.01409912109375, 0.2491455078125, -0.07891845703125)"
153047320148,"(0.9638671875, 0.22039794921875, 0.1229248046875, -0.08526611328125)","(0.96514892578125, 0.01409912109375, 0.2491455078125, -0.07891845703125)"
153047326257,"(0.9638671875, 0.22039794921875, 0.1229248046875, -0.08526611328125)","(0.96502685546875, 0.01397705078125, 0.24969482421875, -0.078857421875)"
153047332361,"(0.96380615234375, 0.220458984375, 0.12359619140625, -0.08514404296875)","(0.96490478515625, 0.013916015625, 0.25006103515625, -0.0787353515625)"
153047339399,"(0.96368408203125, 0.219970703125, 0.12481689453125, -0.0855712890625)","(0.96490478515625, 0.013916015625, 0.25006103515625, -0.0787353515625)"
153047347226,"(0.96368408203125, 0.219970703125, 0.12481689453125, -0.0855712890625)","(0.96490478515625, 0.01385498046875, 0.25018310546875, -0.0787353515625)"
153047354838,"(0.96368408203125, 0.21966552734375, 0.12548828125, -0.0853271484375)","(0.9647216796875, 0.013671875, 0.25079345703125, -0.078857421875)"
153047363101,"(0.96368408203125, 0.21929931640625, 0.1263427734375, -0.085205078125)","(0.964599609375, 0.01397705078125, 0.25128173828125, -0.07904052734375)"
153047369376,"(0.963623046875, 0.218994140625, 0.12713623046875, -0.0853271484375)","(0.964599609375, 0.01397705078125, 0.25128173828125, -0.07904052734375)"
153047374670,"(0.963623046875, 0.218994140625, 0.12713623046875, -0.0853271484375)","(0.96453857421875, 0.01397705078125, 0.25152587890625, -0.078857421875)"
153047381964,"(0.96356201171875, 0.21893310546875, 0.1280517578125, -0.085205078125)","(0.96453857421875, 0.01397705078125, 0.25152587890625, -0.078857421875)"
153047388795,"(0.96343994140625, 0.21868896484375, 0.12896728515625, -0.08544921875)","(0.9644775390625, 0.01385498046875, 0.25164794921875, -0.07879638671875)"
153047396267,"(0.96343994140625, 0.21868896484375, 0.12896728515625, -0.08544921875)","(0.96435546875, 0.01385498046875, 0.252197265625, -0.07891845703125)"
153047403734,"(0.96343994140625, 0.21826171875, 0.1297607421875, -0.085693359375)","(0.96417236328125, 0.01373291015625, 0.2528076171875, -0.07891845703125)"
153047410574,"(0.96331787109375, 0.21820068359375, 0.13043212890625, -0.0860595703125)","(0.96417236328125, 0.01373291015625, 0.2528076171875, -0.07891845703125)"
153047416033,"(0.96331787109375, 0.21820068359375, 0.13043212890625, -0.0860595703125)","(0.964111328125, 0.013671875, 0.25299072265625, -0.0791015625)"
153047421744,"(0.963134765625, 0.2183837890625, 0.13153076171875, -0.0859375)","(0.964111328125, 0.013671875, 0.25299072265625, -0.0791015625)"
153047427041,"(0.963134765625, 0.2183837890625, 0.13153076171875, -0.0859375)","(0.964111328125, 0.0135498046875, 0.2529296875, -0.07928466796875)"
153047433365,"(0.963134765625, 0.2178955078125, 0.13214111328125, -0.08642578125)","(0.964111328125, 0.0135498046875, 0.2529296875, -0.07928466796875)"
153047439923,"(0.963134765625, 0.21722412109375, 0.13323974609375, -0.08648681640625)","(0.96405029296875, 0.01336669921875, 0.25323486328125, -0.0797119140625)"
153047448078,"(0.963134765625, 0.216552734375, 0.134033203125, -0.08685302734375)","(0.9639892578125, 0.01318359375, 0.25341796875, -0.07989501953125)"
153047456623,"(0.963134765625, 0.216552734375, 0.134033203125, -0.08685302734375)","(0.9639892578125, 0.0130615234375, 0.25335693359375, -0.080078125)"
153047464848,"(0.963134765625, 0.2159423828125, 0.13421630859375, -0.087646484375)","(0.9639892578125, 0.0130615234375, 0.25335693359375, -0.080078125)"
153047470768,"(0.96319580078125, 0.21533203125, 0.134521484375, -0.08807373046875)","(0.96392822265625, 0.012939453125, 0.25347900390625, -0.08001708984375)"
153047477082,"(0.96319580078125, 0.21533203125, 0.134521484375, -0.08807373046875)","(0.96392822265625, 0.012939453125, 0.25323486328125, -0.08050537109375)"
153047482721,"(0.96331787109375, 0.21466064453125, 0.1346435546875, -0.08856201171875)","(0.96392822265625, 0.012939453125, 0.25323486328125, -0.08050537109375)"
153047490071,"(0.96368408203125, 0.21337890625, 0.134033203125, -0.08843994140625)","(0.9639892578125, 0.01300048828125, 0.2530517578125, -0.0810546875)"
153047499817,"(0.96405029296875, 0.21221923828125, 0.1334228515625, -0.08831787109375)","(0.9639892578125, 0.0128173828125, 0.25299072265625, -0.08099365234375)"
153047507495,"(0.96405029296875, 0.21221923828125, 0.1334228515625, -0.08831787109375)","(0.96392822265625, 0.0125732421875, 0.25311279296875, -0.0811767578125)"
153047515006,"(0.9642333984375, 0.211181640625, 0.13323974609375, -0.088623046875)","(0.96392822265625, 0.01251220703125, 0.25311279296875, -0.08148193359375)"
153047521855,"(0.96453857421875, 0.21014404296875, 0.13275146484375, -0.08905029296875)","(0.96392822265625, 0.01251220703125, 0.25311279296875, -0.08148193359375)"
153047529377,"(0.96453857421875, 0.21014404296875, 0.13275146484375, -0.08905029296875)","(0.964111328125, 0.0123291015625, 0.25250244140625, -0.081298828125)"
153047536084,"(0.96453857421875, 0.210205078125, 0.1328125, -0.0888671875)","(0.964111328125, 0.01239013671875, 0.25244140625, -0.0816650390625)"
153047544540,"(0.964599609375, 0.20965576171875, 0.13287353515625, -0.08905029296875)","(0.9639892578125, 0.01263427734375, 0.25274658203125, -0.08154296875)"
153047551736,"(0.96466064453125, 0.2091064453125, 0.1329345703125, -0.0897216796875)","(0.9639892578125, 0.01263427734375, 0.25274658203125, -0.08154296875)"
153047560101,"(0.96478271484375, 0.20831298828125, 0.1329345703125, -0.09002685546875)","(0.9639892578125, 0.012451171875, 0.25262451171875, -0.0819091796875)"
153047568056,"(0.96478271484375, 0.20831298828125, 0.1329345703125, -0.09002685546875)","(0.9639892578125, 0.0123291015625, 0.25262451171875, -0.0819091796875)"
153047573680,"(0.96484375, 0.20770263671875, 0.13323974609375, -0.0902099609375)","(0.9639892578125, 0.0123291015625, 0.25262451171875, -0.0819091796875)"
153047580507,"(0.96484375, 0.20770263671875, 0.13323974609375, -0.0902099609375)","(0.9639892578125, 0.01239013671875, 0.25274658203125, -0.08184814453125)"
153047586938,"(0.96490478515625, 0.2069091796875, 0.1336669921875, -0.0906982421875)","(0.96392822265625, 0.01239013671875, 0.2529296875, -0.0821533203125)"
153047593753,"(0.96490478515625, 0.206298828125, 0.13446044921875, -0.0911865234375)","(0.96392822265625, 0.01239013671875, 0.2529296875, -0.0821533203125)"
153047601703,"(0.9649658203125, 0.20538330078125, 0.1351318359375, -0.09161376953125)","(0.9637451171875, 0.0125732421875, 0.25341796875, -0.08258056640625)"
153047610185,"(0.96502685546875, 0.2047119140625, 0.13555908203125, -0.09210205078125)","(0.9635009765625, 0.01220703125, 0.25408935546875, -0.0830078125)"
153047616645,"(0.96502685546875, 0.2047119140625, 0.13555908203125, -0.09210205078125)","(0.9635009765625, 0.01220703125, 0.25408935546875, -0.0830078125)"
153047622544,"(0.96502685546875, 0.20416259765625, 0.1357421875, -0.09283447265625)","(0.96337890625, 0.0120849609375, 0.25469970703125, -0.08331298828125)"
153047628886,"(0.96502685546875, 0.20416259765625, 0.1357421875, -0.09283447265625)","(0.963134765625, 0.01214599609375, 0.25537109375, -0.0838623046875)"
153047634281,"(0.9649658203125, 0.20355224609375, 0.13592529296875, -0.09423828125)","(0.963134765625, 0.01214599609375, 0.25537109375, -0.0838623046875)"
153047643063,"(0.9649658203125, 0.2034912109375, 0.13568115234375, -0.0950927734375)","(0.9630126953125, 0.01239013671875, 0.2557373046875, -0.08392333984375)"
153047649356,"(0.9649658203125, 0.2034912109375, 0.13568115234375, -0.0950927734375)","(0.962890625, 0.012451171875, 0.2559814453125, -0.08447265625)"
153047655682,"(0.96502685546875, 0.2032470703125, 0.1353759765625, -0.09521484375)","(0.96282958984375, 0.0123291015625, 0.25628662109375, -0.084716796875)"
153047663426,"(0.965087890625, 0.20245361328125, 0.135498046875, -0.09613037109375)","(0.96282958984375, 0.0123291015625, 0.25628662109375, -0.084716796875)"
153047668969,"(0.965087890625, 0.20245361328125, 0.135498046875, -0.09613037109375)","(0.9627685546875, 0.01220703125, 0.25634765625, -0.08489990234375)"
153047674718,"(0.965087890625, 0.2021484375, 0.135498046875, -0.09686279296875)","(0.9627685546875, 0.01220703125, 0.25634765625, -0.08489990234375)"
153047680067,"(0.965087890625, 0.2021484375, 0.135498046875, -0.09686279296875)","(0.96282958984375, 0.012451171875, 0.256103515625, -0.08502197265625)"
153047685896,"(0.96514892578125, 0.2015380859375, 0.1353759765625, -0.09765625)","(0.96282958984375, 0.012451171875, 0.256103515625, -0.08502197265625)"
153047692359,"(0.96514892578125, 0.20098876953125, 0.135498046875, -0.0985107421875)","(0.962890625, 0.0125732421875, 0.25579833984375, -0.08544921875)"
153047698565,"(0.96514892578125, 0.20098876953125, 0.135498046875, -0.0985107421875)","(0.962890625, 0.0128173828125, 0.25567626953125, -0.08544921875)"
153047705783,"(0.96527099609375, 0.2001953125, 0.1356201171875, -0.09906005859375)","(0.962890625, 0.0128173828125, 0.25567626953125, -0.08544921875)"
153047714038,"(0.96527099609375, 0.19964599609375, 0.135986328125, -0.09942626953125)","(0.96282958984375, 0.01300048828125, 0.256103515625, -0.08526611328125)"
153047719234,"(0.96527099609375, 0.19964599609375, 0.135986328125, -0.09942626953125)","(0.96270751953125, 0.01300048828125, 0.25628662109375, -0.08551025390625)"
153047724708,"(0.965087890625, 0.19976806640625, 0.1365966796875, -0.10052490234375)","(0.96270751953125, 0.01300048828125, 0.25628662109375, -0.08551025390625)"
153047730033,"(0.965087890625, 0.19976806640625, 0.1365966796875, -0.10052490234375)","(0.962646484375, 0.01324462890625, 0.2564697265625, -0.08563232421875)"
153047734879,"(0.965087890625, 0.19915771484375, 0.13671875, -0.10150146484375)","(0.962646484375, 0.01324462890625, 0.2564697265625, -0.08563232421875)"
153047741022,"(0.96514892578125, 0.198486328125, 0.13690185546875, -0.101806640625)","(0.96246337890625, 0.01336669921875, 0.25701904296875, -0.08624267578125)"
153047747281,"(0.96514892578125, 0.198486328125, 0.13690185546875, -0.101806640625)","(0.96240234375, 0.01348876953125, 0.2572021484375, -0.0865478515625)"
153047755119,"(0.965087890625, 0.19775390625, 0.137451171875, -0.102783203125)","(0.96240234375, 0.01348876953125, 0.2572021484375, -0.0865478515625)"
153047763970,"(0.965087890625, 0.1973876953125, 0.13787841796875, -0.1033935546875)","(0.96240234375, 0.013916015625, 0.25701904296875, -0.08673095703125)"
153047771325,"(0.9649658203125, 0.19769287109375, 0.13812255859375, -0.10357666015625)","(0.96240234375, 0.01422119140625, 0.25701904296875, -0.0869140625)"
153047777345,"(0.9649658203125, 0.19769287109375, 0.13812255859375, -0.10357666015625)","(0.96240234375, 0.01422119140625, 0.25701904296875, -0.0869140625)"
153047784101,"(0.96484375, 0.19775390625, 0.138427734375, -0.103759765625)","(0.9622802734375, 0.01446533203125, 0.25732421875, -0.08685302734375)"
153047790422,"(0.96484375, 0.19775390625, 0.138427734375, -0.103759765625)","(0.96234130859375, 0.013916015625, 0.2572021484375, -0.086669921875)"
153047797618,"(0.96484375, 0.1973876953125, 0.1390380859375, -0.10394287109375)","(0.96240234375, 0.01416015625, 0.25714111328125, -0.0865478515625)"
153047805944,"(0.96478271484375, 0.1973876953125, 0.13958740234375, -0.10394287109375)","(0.96240234375, 0.01416015625, 0.25714111328125, -0.0865478515625)"
153047814575,"(0.96478271484375, 0.19720458984375, 0.13983154296875, -0.10394287109375)","(0.96240234375, 0.0142822265625, 0.25701904296875, -0.0863037109375)"
153047820148,"(0.96478271484375, 0.19720458984375, 0.13983154296875, -0.10394287109375)","(0.96234130859375, 0.0146484375, 0.25732421875, -0.08636474609375)"
153047826740,"(0.9647216796875, 0.19720458984375, 0.1402587890625, -0.10369873046875)","(0.96234130859375, 0.0146484375, 0.25732421875, -0.08636474609375)"
153047832311,"(0.9644775390625, 0.1976318359375, 0.14129638671875, -0.103759765625)","(0.96240234375, 0.01458740234375, 0.257080078125, -0.0860595703125)"
153047839137,"(0.9644775390625, 0.1976318359375, 0.14129638671875, -0.103759765625)","(0.96246337890625, 0.01458740234375, 0.25689697265625, -0.08624267578125)"
153047847248,"(0.96441650390625, 0.19744873046875, 0.1422119140625, -0.10321044921875)","(0.96246337890625, 0.01458740234375, 0.25689697265625, -0.08624267578125)"
153047855030,"(0.96453857421875, 0.19683837890625, 0.1424560546875, -0.10333251953125)","(0.96246337890625, 0.0145263671875, 0.25677490234375, -0.0865478515625)"
153047862509,"(0.964599609375, 0.19659423828125, 0.142333984375, -0.103271484375)","(0.96246337890625, 0.01446533203125, 0.2569580078125, -0.0865478515625)"
153047869678,"(0.964599609375, 0.19659423828125, 0.142333984375, -0.103271484375)","(0.96246337890625, 0.01446533203125, 0.2569580078125, -0.0865478515625)"
153047875510,"(0.964599609375, 0.19622802734375, 0.14276123046875, -0.10345458984375)","(0.96246337890625, 0.014404296875, 0.25665283203125, -0.0867919921875)"
153047881617,"(0.964599609375, 0.19622802734375, 0.14276123046875, -0.10345458984375)","(0.96240234375, 0.0146484375, 0.25677490234375, -0.08697509765625)"
153047888231,"(0.964599609375, 0.19573974609375, 0.14288330078125, -0.103759765625)","(0.96240234375, 0.0146484375, 0.25677490234375, -0.08697509765625)"
153047895456,"(0.9647216796875, 0.19512939453125, 0.1427001953125, -0.1041259765625)","(0.96246337890625, 0.01458740234375, 0.2567138671875, -0.08709716796875)"
153047903912,"(0.96490478515625, 0.19384765625, 0.14312744140625, -0.1043701171875)","(0.96240234375, 0.0145263671875, 0.25677490234375, -0.0875244140625)"
153047911032,"(0.96490478515625, 0.19384765625, 0.14312744140625, -0.1043701171875)","(0.96240234375, 0.01446533203125, 0.256591796875, -0.08770751953125)"
153047918108,"(0.96484375, 0.1932373046875, 0.1439208984375, -0.1048583984375)","(0.96240234375, 0.01446533203125, 0.256591796875, -0.08770751953125)"
153047924462,"(0.96490478515625, 0.19256591796875, 0.14447021484375, -0.10516357421875)","(0.9625244140625, 0.014404296875, 0.2562255859375, -0.08770751953125)"
153047931066,"(0.96490478515625, 0.19256591796875, 0.14447021484375, -0.10516357421875)","(0.9625244140625, 0.0140380859375, 0.2562255859375, -0.08770751953125)"
153047937725,"(0.96514892578125, 0.1917724609375, 0.14422607421875, -0.10467529296875)","(0.9625244140625, 0.0140380859375, 0.2562255859375, -0.08770751953125)"
153047946215,"(0.96539306640625, 0.1910400390625, 0.14404296875, -0.1038818359375)","(0.9625244140625, 0.01385498046875, 0.25616455078125, -0.087646484375)"
153047954788,"(0.96539306640625, 0.1907958984375, 0.14434814453125, -0.10369873046875)","(0.96246337890625, 0.01397705078125, 0.256591796875, -0.087646484375)"
153047961466,"(0.96539306640625, 0.1907958984375, 0.14434814453125, -0.10369873046875)","(0.96240234375, 0.01422119140625, 0.2568359375, -0.08740234375)"
153047968833,"(0.9654541015625, 0.19024658203125, 0.14453125, -0.1038818359375)","(0.96240234375, 0.01422119140625, 0.2568359375, -0.08740234375)"
153047975233,"(0.96539306640625, 0.1904296875, 0.14483642578125, -0.1036376953125)","(0.96240234375, 0.01409912109375, 0.25677490234375, -0.08709716796875)"
153047981145,"(0.96539306640625, 0.1904296875, 0.14483642578125, -0.1036376953125)","(0.9622802734375, 0.0142822265625, 0.25726318359375, -0.08721923828125)"
153047987477,"(0.96551513671875, 0.19024658203125, 0.1448974609375, -0.103271484375)","(0.9622802734375, 0.0142822265625, 0.25726318359375, -0.08721923828125)"
153047994427,"(0.96539306640625, 0.1904296875, 0.14520263671875, -0.10308837890625)","(0.9622802734375, 0.01434326171875, 0.25732421875, -0.08721923828125)"
153048000784,"(0.96539306640625, 0.1904296875, 0.14520263671875, -0.10308837890625)","(0.96221923828125, 0.01458740234375, 0.25762939453125, -0.08697509765625)"
153048008936,"(0.96533203125, 0.1907958984375, 0.14556884765625, -0.10284423828125)","(0.96221923828125, 0.01458740234375, 0.25762939453125, -0.08697509765625)"
153048017437,"(0.96527099609375, 0.19085693359375, 0.14569091796875, -0.1031494140625)","(0.962158203125, 0.0147705078125, 0.2578125, -0.08697509765625)"
153048023758,"(0.965087890625, 0.19146728515625, 0.14605712890625, -0.10321044921875)","(0.96209716796875, 0.0147705078125, 0.25799560546875, -0.08685302734375)"
153048029536,"(0.965087890625, 0.19146728515625, 0.14605712890625, -0.10321044921875)","(0.96209716796875, 0.0147705078125, 0.25799560546875, -0.08685302734375)"
153048035453,"(0.96484375, 0.19207763671875, 0.146728515625, -0.10296630859375)","(0.9620361328125, 0.01495361328125, 0.25830078125, -0.08685302734375)"
153048041835,"(0.96484375, 0.19207763671875, 0.146728515625, -0.10296630859375)","(0.962158203125, 0.0150146484375, 0.25799560546875, -0.086181640625)"
153048048855,"(0.964599609375, 0.19293212890625, 0.14752197265625, -0.1029052734375)","(0.962158203125, 0.0150146484375, 0.25799560546875, -0.086181640625)"
153048057746,"(0.96435546875, 0.193603515625, 0.1480712890625, -0.10302734375)","(0.96209716796875, 0.0152587890625, 0.25830078125, -0.0859375)"
153048067504,"(0.9642333984375, 0.1939697265625, 0.14837646484375, -0.1029052734375)","(0.96209716796875, 0.01519775390625, 0.25848388671875, -0.085693359375)"
153048073822,"(0.964111328125, 0.1947021484375, 0.1485595703125, -0.10272216796875)","(0.962158203125, 0.01513671875, 0.25830078125, -0.08538818359375)"
153048080097,"(0.964111328125, 0.1947021484375, 0.1485595703125, -0.10272216796875)","(0.962158203125, 0.01513671875, 0.25830078125, -0.08538818359375)"
153048086408,"(0.9639892578125, 0.19537353515625, 0.14862060546875, -0.10247802734375)","(0.962158203125, 0.01544189453125, 0.2581787109375, -0.08544921875)"
153048092691,"(0.9637451171875, 0.196044921875, 0.14898681640625, -0.10260009765625)","(0.9622802734375, 0.0155029296875, 0.2579345703125, -0.0853271484375)"
153048099796,"(0.9637451171875, 0.196044921875, 0.14898681640625, -0.10260009765625)","(0.9622802734375, 0.0155029296875, 0.2579345703125, -0.0853271484375)"
153048109195,"(0.96368408203125, 0.19683837890625, 0.14886474609375, -0.10223388671875)","(0.9622802734375, 0.01531982421875, 0.2576904296875, -0.0855712890625)"
153048118450,"(0.96356201171875, 0.19769287109375, 0.148681640625, -0.10186767578125)","(0.96234130859375, 0.01513671875, 0.257568359375, -0.085693359375)"
153048125156,"(0.9635009765625, 0.19805908203125, 0.14862060546875, -0.101806640625)","(0.9622802734375, 0.01544189453125, 0.25762939453125, -0.08575439453125)"
153048131021,"(0.9635009765625, 0.19805908203125, 0.14862060546875, -0.101806640625)","(0.9622802734375, 0.01544189453125, 0.25762939453125, -0.08575439453125)"
153048137146,"(0.96356201171875, 0.19830322265625, 0.148193359375, -0.10150146484375)","(0.9622802734375, 0.01580810546875, 0.25787353515625, -0.0855712890625)"
153048142769,"(0.9635009765625, 0.1988525390625, 0.147705078125, -0.10125732421875)","(0.96240234375, 0.015869140625, 0.25750732421875, -0.08526611328125)"
153048150145,"(0.9635009765625, 0.1988525390625, 0.147705078125, -0.10125732421875)","(0.96240234375, 0.015869140625, 0.25750732421875, -0.08526611328125)"
153048159007,"(0.9635009765625, 0.1993408203125, 0.14764404296875, -0.10089111328125)","(0.9622802734375, 0.01593017578125, 0.2578125, -0.08538818359375)"
153048168572,"(0.963623046875, 0.19940185546875, 0.14715576171875, -0.10028076171875)","(0.9622802734375, 0.0162353515625, 0.2579345703125, -0.08526611328125)"
153048174859,"(0.9635009765625, 0.2000732421875, 0.14715576171875, -0.09979248046875)","(0.96221923828125, 0.0166015625, 0.2581787109375, -0.0849609375)"
153048182028,"(0.9635009765625, 0.2000732421875, 0.14715576171875, -0.09979248046875)","(0.96221923828125, 0.0166015625, 0.2581787109375, -0.0849609375)"
153048188970,"(0.9635009765625, 0.20068359375, 0.1468505859375, -0.09893798828125)","(0.962158203125, 0.01641845703125, 0.25836181640625, -0.0849609375)"
153048195126,"(0.96343994140625, 0.2010498046875, 0.14697265625, -0.098876953125)","(0.96221923828125, 0.0162353515625, 0.25830078125, -0.08477783203125)"
153048201581,"(0.96343994140625, 0.2010498046875, 0.14697265625, -0.098876953125)","(0.9622802734375, 0.016357421875, 0.25823974609375, -0.08416748046875)"
153048210387,"(0.96337890625, 0.2010498046875, 0.1475830078125, -0.09857177734375)","(0.9622802734375, 0.016357421875, 0.25823974609375, -0.08416748046875)"
153048219472,"(0.96343994140625, 0.20098876953125, 0.14764404296875, -0.09759521484375)","(0.96221923828125, 0.01629638671875, 0.25848388671875, -0.08380126953125)"
153048225600,"(0.9635009765625, 0.20098876953125, 0.14794921875, -0.09698486328125)","(0.96209716796875, 0.0166015625, 0.2589111328125, -0.08367919921875)"
153048232109,"(0.9635009765625, 0.20098876953125, 0.14794921875, -0.09698486328125)","(0.96209716796875, 0.0166015625, 0.2589111328125, -0.08367919921875)"
153048238029,"(0.9635009765625, 0.20098876953125, 0.14825439453125, -0.0965576171875)","(0.9620361328125, 0.01654052734375, 0.25933837890625, -0.083251953125)"
153048244290,"(0.96331787109375, 0.201904296875, 0.14862060546875, -0.09588623046875)","(0.962158203125, 0.01605224609375, 0.25909423828125, -0.0826416015625)"
153048251124,"(0.96331787109375, 0.201904296875, 0.14862060546875, -0.09588623046875)","(0.962158203125, 0.01605224609375, 0.25909423828125, -0.0826416015625)"
153048260159,"(0.9632568359375, 0.2022705078125, 0.14898681640625, -0.09527587890625)","(0.96221923828125, 0.015869140625, 0.259033203125, -0.08233642578125)"
153048269308,"(0.96319580078125, 0.20257568359375, 0.1494140625, -0.09454345703125)","(0.96240234375, 0.01556396484375, 0.2584228515625, -0.08172607421875)"
153048276457,"(0.9630126953125, 0.20269775390625, 0.150146484375, -0.09454345703125)","(0.96240234375, 0.01544189453125, 0.25860595703125, -0.08154296875)"
153048282246,"(0.9630126953125, 0.20269775390625, 0.150146484375, -0.09454345703125)","(0.96240234375, 0.01544189453125, 0.25860595703125, -0.08154296875)"
153048288734,"(0.96295166015625, 0.20263671875, 0.150634765625, -0.09454345703125)","(0.96246337890625, 0.01507568359375, 0.2586669921875, -0.0810546875)"
153048294677,"(0.96282958984375, 0.20294189453125, 0.1512451171875, -0.0943603515625)","(0.96246337890625, 0.01495361328125, 0.2586669921875, -0.08062744140625)"
153048302025,"(0.96282958984375, 0.20294189453125, 0.1512451171875, -0.0943603515625)","(0.96246337890625, 0.01495361328125, 0.2586669921875, -0.08062744140625)"
153048311218,"(0.9627685546875, 0.20294189453125, 0.1519775390625, -0.09381103515625)","(0.96246337890625, 0.014892578125, 0.25872802734375, -0.0802001953125)"
153048320809,"(0.96270751953125, 0.20269775390625, 0.15234375, -0.09405517578125)","(0.96240234375, 0.01483154296875, 0.25909423828125, -0.07989501953125)"
153048326698,"(0.96282958984375, 0.20220947265625, 0.1524658203125, -0.093994140625)","(0.96246337890625, 0.01483154296875, 0.25897216796875, -0.07958984375)"
153048332944,"(0.96282958984375, 0.20220947265625, 0.1524658203125, -0.093994140625)","(0.96246337890625, 0.01483154296875, 0.25897216796875, -0.07958984375)"
153048339449,"(0.96295166015625, 0.20208740234375, 0.15228271484375, -0.0933837890625)","(0.962646484375, 0.0150146484375, 0.2586669921875, -0.07891845703125)"
153048345082,"(0.96295166015625, 0.20220947265625, 0.15203857421875, -0.09332275390625)","(0.9627685546875, 0.01507568359375, 0.25823974609375, -0.0782470703125)"
153048352314,"(0.96295166015625, 0.20220947265625, 0.15203857421875, -0.09332275390625)","(0.9627685546875, 0.01507568359375, 0.25823974609375, -0.0782470703125)"
153048361540,"(0.96295166015625, 0.20233154296875, 0.15203857421875, -0.0933837890625)","(0.96295166015625, 0.014892578125, 0.25775146484375, -0.07763671875)"
153048370413,"(0.96295166015625, 0.202392578125, 0.15185546875, -0.09356689453125)","(0.9630126953125, 0.014892578125, 0.2576904296875, -0.0772705078125)"
153048376480,"(0.9627685546875, 0.20263671875, 0.15234375, -0.09356689453125)","(0.962890625, 0.01507568359375, 0.25811767578125, -0.0772705078125)"
153048383184,"(0.9627685546875, 0.20263671875, 0.15234375, -0.09356689453125)","(0.962890625, 0.01507568359375, 0.25811767578125, -0.0772705078125)"
153048389873,"(0.96270751953125, 0.20306396484375, 0.15252685546875, -0.09295654296875)","(0.9627685546875, 0.0152587890625, 0.25860595703125, -0.07733154296875)"
153048396634,"(0.96270751953125, 0.20294189453125, 0.15283203125, -0.0927734375)","(0.962890625, 0.01507568359375, 0.2584228515625, -0.0767822265625)"
153048403447,"(0.96270751953125, 0.20294189453125, 0.15283203125, -0.0927734375)","(0.962890625, 0.01507568359375, 0.2584228515625, -0.0767822265625)"
153048412025,"(0.962646484375, 0.20343017578125, 0.15301513671875, -0.09246826171875)","(0.9627685546875, 0.01531982421875, 0.2587890625, -0.07672119140625)"
153048421699,"(0.96240234375, 0.2039794921875, 0.15380859375, -0.092529296875)","(0.96258544921875, 0.01531982421875, 0.25946044921875, -0.0770263671875)"
153048428179,"(0.96221923828125, 0.2044677734375, 0.1544189453125, -0.09222412109375)","(0.9625244140625, 0.015380859375, 0.2596435546875, -0.0770263671875)"
153048434377,"(0.96221923828125, 0.2044677734375, 0.1544189453125, -0.09222412109375)","(0.9625244140625, 0.015380859375, 0.2596435546875, -0.0770263671875)"
153048440782,"(0.9620361328125, 0.20458984375, 0.15521240234375, -0.09246826171875)","(0.96240234375, 0.0155029296875, 0.260009765625, -0.07733154296875)"
153048447896,"(0.9617919921875, 0.20556640625, 0.1558837890625, -0.09173583984375)","(0.9622802734375, 0.01519775390625, 0.26043701171875, -0.07696533203125)"
153048454287,"(0.9617919921875, 0.20556640625, 0.1558837890625, -0.09173583984375)","(0.9622802734375, 0.01519775390625, 0.26043701171875, -0.07696533203125)"
153048462896,"(0.961669921875, 0.20550537109375, 0.1568603515625, -0.09161376953125)","(0.9622802734375, 0.01544189453125, 0.26055908203125, -0.07647705078125)"
153048472858,"(0.96148681640625, 0.20556640625, 0.15765380859375, -0.0919189453125)","(0.96221923828125, 0.01544189453125, 0.260986328125, -0.076171875)"
153048478881,"(0.96136474609375, 0.205810546875, 0.15789794921875, -0.09185791015625)","(0.9620361328125, 0.01556396484375, 0.2615966796875, -0.07598876953125)"
153048484901,"(0.96136474609375, 0.205810546875, 0.15789794921875, -0.09185791015625)","(0.9620361328125, 0.01556396484375, 0.2615966796875, -0.07598876953125)"
153048491747,"(0.96136474609375, 0.20562744140625, 0.1583251953125, -0.09185791015625)","(0.96197509765625, 0.015625, 0.26202392578125, -0.07537841796875)"
153048498163,"(0.96112060546875, 0.20623779296875, 0.158935546875, -0.092041015625)","(0.96197509765625, 0.01531982421875, 0.26220703125, -0.0748291015625)"
153048505047,"(0.96112060546875, 0.20623779296875, 0.158935546875, -0.092041015625)","(0.96197509765625, 0.01531982421875, 0.26220703125, -0.0748291015625)"
153048513574,"(0.9609375, 0.20654296875, 0.15924072265625, -0.09259033203125)","(0.9619140625, 0.01507568359375, 0.2625732421875, -0.0748291015625)"
153048522894,"(0.9686279296875, 0.20709228515625, 0.159423828125, -0.09234619140625)","(0.9619140625, 0.01507568359375, 0.2625732421875, -0.0748291015625)"
153048529034,"(0.96856689453125, 0.2073974609375, 0.15936279296875, -0.0921630859375)","(0.96185302734375, 0.0152587890625, 0.26275634765625, -0.0743408203125)"
153048535593,"(0.96075439453125, 0.2073974609375, 0.15936279296875, -0.0921630859375)","(0.96185302734375, 0.0152587890625, 0.26275634765625, -0.0743408203125)"
153048541733,"(0.9608154296875, 0.2073974609375, 0.1591796875, -0.09234619140625)","(0.9617919921875, 0.01544189453125, 0.26300048828125, -0.074462890625)"
153048548952,"(0.9686279296875, 0.207275390625, 0.158935546875, -0.09259033203125)","(0.96173095703125, 0.01544189453125, 0.2633056640625, -0.07452392578125)"
153048555146,"(0.9608154296875, 0.207275390625, 0.158935546875, -0.09259033203125)","(0.96173095703125, 0.01544189453125, 0.2633056640625, -0.07452392578125)"
153048563755,"(0.9608154296875, 0.20751953125, 0.15863037109375, -0.092529296875)","(0.961669921875, 0.01568603515625, 0.26348876953125, -0.07427978515625)"
153048573689,"(0.9609375, 0.20751953125, 0.15838623046875, -0.092041015625)","(0.96173095703125, 0.015625, 0.2633056640625, -0.073974609375)"
153048580381,"(0.968505859375, 0.2081298828125, 0.15887451171875, -0.092041015625)","(0.9617919921875, 0.015380859375, 0.26318359375, -0.0740966796875)"
153048586932,"(0.9683837890625, 0.2083740234375, 0.1593017578125, -0.092041015625)","(0.9617919921875, 0.015380859375, 0.26318359375, -0.0740966796875)"
153048593437,"(0.9683837890625, 0.2083740234375, 0.1593017578125, -0.092041015625)","(0.96173095703125, 0.0155029296875, 0.26324462890625, -0.07421875)"
153048601643,"(0.96051025390625, 0.20843505859375, 0.15948486328125, -0.09234619140625)","(0.96173095703125, 0.01556396484375, 0.26318359375, -0.07440185546875)"
153048610187,"(0.96844482421875, 0.20794677734375, 0.159423828125, -0.0926513671875)","(0.96185302734375, 0.01544189453125, 0.26287841796875, -0.07403564453125)"
153048617010,"(0.96844482421875, 0.2078857421875, 0.15936279296875, -0.09283447265625)","(0.96185302734375, 0.01544189453125, 0.26287841796875, -0.07403564453125)"
153048625430,"(0.96844482421875, 0.2078857421875, 0.15936279296875, -0.09283447265625)","(0.9619140625, 0.0155029296875, 0.26263427734375, -0.07427978515625)"
153048632026,"(0.96826171875, 0.20819091796875, 0.15966796875, -0.09307861328125)","(0.9619140625, 0.01556396484375, 0.262451171875, -0.07440185546875)"
153048637786,"(0.96832275390625, 0.20782470703125, 0.15972900390625, -0.093505859375)","(0.9619140625, 0.01556396484375, 0.262451171875, -0.07440185546875)"
153048644080,"(0.96051025390625, 0.20782470703125, 0.15972900390625, -0.093505859375)","(0.96197509765625, 0.01556396484375, 0.262451171875, -0.0740966796875)"
153048652253,"(0.96044921875, 0.2078857421875, 0.15985107421875, -0.09368896484375)","(0.96185302734375, 0.0157470703125, 0.26275634765625, -0.0740966796875)"
153048658831,"(0.96044921875, 0.2080078125, 0.15985107421875, -0.09332275390625)","(0.96185302734375, 0.0157470703125, 0.26275634765625, -0.0740966796875)"
153048665826,"(0.96044921875, 0.2080078125, 0.15985107421875, -0.09332275390625)","(0.96197509765625, 0.01593017578125, 0.26251220703125, -0.0740966796875)"
153048674630,"(0.96044921875, 0.2081298828125, 0.15972900390625, -0.09326171875)","(0.96197509765625, 0.0162353515625, 0.2623291015625, -0.0740966796875)"
153048680151,"(0.96044921875, 0.2078857421875, 0.1597900390625, -0.09344482421875)","(0.96197509765625, 0.0162353515625, 0.2623291015625, -0.0740966796875)"
153048686090,"(0.96044921875, 0.2078857421875, 0.1597900390625, -0.09344482421875)","(0.96197509765625, 0.01617431640625, 0.26226806640625, -0.07427978515625)"
153048692631,"(0.96038818359375, 0.20794677734375, 0.1600341796875, -0.09375)","(0.96197509765625, 0.0162353515625, 0.2623291015625, -0.07403564453125)"
153048698971,"(0.96014404296875, 0.20849609375, 0.16070556640625, -0.09381103515625)","(0.96197509765625, 0.0162353515625, 0.2623291015625, -0.07403564453125)"
153048706114,"(0.96014404296875, 0.20849609375, 0.16070556640625, -0.09381103515625)","(0.96185302734375, 0.01654052734375, 0.26275634765625, -0.07464599609375)"
153048714942,"(0.96002197265625, 0.208740234375, 0.1610107421875, -0.09381103515625)","(0.96173095703125, 0.01666259765625, 0.26300048828125, -0.0750732421875)"
153048723118,"(0.96002197265625, 0.20880126953125, 0.16143798828125, -0.0933837890625)","(0.9617919921875, 0.0164794921875, 0.262939453125, -0.07470703125)"
153048728512,"(0.9599609375, 0.20867919921875, 0.16156005859375, -0.09375)","(0.9617919921875, 0.0164794921875, 0.262939453125, -0.07470703125)"
153048734462,"(0.9599609375, 0.20867919921875, 0.16156005859375, -0.09375)","(0.961669921875, 0.01678466796875, 0.26324462890625, -0.07470703125)"
153048739672,"(0.95989990234375, 0.208740234375, 0.161865234375, -0.09368896484375)","(0.961669921875, 0.01678466796875, 0.26324462890625, -0.07470703125)"
153048745520,"(0.96771240234375, 0.208740234375, 0.161865234375, -0.09368896484375)","(0.9615478515625, 0.01690673828125, 0.2637939453125, -0.0748291015625)"
153048752938,"(0.96759033203125, 0.20916748046875, 0.16229248046875, -0.09375)","(0.96136474609375, 0.01690673828125, 0.26434326171875, -0.07464599609375)"
153048764048,"(0.9674072265625, 0.20928955078125, 0.16265869140625, -0.09423828125)","(0.96136474609375, 0.01708984375, 0.26434326171875, -0.07476806640625)"
153048772877,"(0.96746826171875, 0.2093505859375, 0.162353515625, -0.09423828125)","(0.96124267578125, 0.01727294921875, 0.2646484375, -0.07513427734375)"
153048780346,"(0.96746826171875, 0.20928955078125, 0.162353515625, -0.09423828125)","(0.96124267578125, 0.01727294921875, 0.2646484375, -0.07513427734375)"
153048788050,"(0.9674072265625, 0.20941162109375, 0.16259765625, -0.0943603515625)","(0.96124267578125, 0.01715087890625, 0.2646484375, -0.07513427734375)"
153048796105,"(0.9595947265625, 0.20941162109375, 0.16259765625, -0.0943603515625)","(0.96142578125, 0.01702880859375, 0.26422119140625, -0.07476806640625)"
153048805855,"(0.95965576171875, 0.20947265625, 0.16241455078125, -0.093994140625)","(0.96136474609375, 0.01708984375, 0.26446533203125, -0.07489013671875)"
153048815357,"(0.96734619140625, 0.2098388671875, 0.16259765625, -0.09405517578125)","(0.96124267578125, 0.017333984375, 0.2647705078125, -0.0751953125)"
153048825541,"(0.96734619140625, 0.20977783203125, 0.162841796875, -0.0938720703125)","(0.961181640625, 0.01727294921875, 0.264892578125, -0.0753173828125)"
153048833813,"(0.96722412109375, 0.21002197265625, 0.16302490234375, -0.09405517578125)","(0.9610595703125, 0.0172119140625, 0.2652587890625, -0.07537841796875)"
153048841632,"(0.9671630859375, 0.2100830078125, 0.16339111328125, -0.093994140625)","(None, None, None, None)"
153048845951,"(0.9593505859375, 0.2100830078125, 0.16339111328125, -0.093994140625)","(0.9610595703125, 0.0172119140625, 0.2652587890625, -0.07537841796875)"
153048852388,"(0.95928955078125, 0.21038818359375, 0.163818359375, -0.0933837890625)","(None, None, None, None)"
153048855546,"(0.95928955078125, 0.21038818359375, 0.163818359375, -0.0933837890625)","(None, None, None, None)"
153048860599,"(0.95916748046875, 0.2105712890625, 0.16436767578125, -0.0931396484375)","(None, None, None, None)"
153048863815,"(0.95916748046875, 0.2105712890625, 0.16436767578125, -0.0931396484375)","(0.96112060546875, 0.0172119140625, 0.264892578125, -0.0758056640625)"
153048869933,"(None, None, None, None)","(0.96112060546875, 0.0172119140625, 0.264892578125, -0.0758056640625)"
153048875500,"(0.95928955078125, 0.21014404296875, 0.16412353515625, -0.0931396484375)","(0.96099853515625, 0.01715087890625, 0.265380859375, -0.075927734375)"
153048884338,"(0.95928955078125, 0.21002197265625, 0.1640625, -0.09344482421875)","(None, None, None, None)"
153048888930,"(0.9593505859375, 0.209716796875, 0.163818359375, -0.09375)","(0.96099853515625, 0.017333984375, 0.26544189453125, -0.075927734375)"
153048893526,"(0.9593505859375, 0.209716796875, 0.163818359375, -0.09375)","(0.96099853515625, 0.017333984375, 0.26544189453125, -0.075927734375)"
153048897593,"(0.9593505859375, 0.209716796875, 0.163818359375, -0.09375)","(0.9609375, 0.01751708984375, 0.2655029296875, -0.0762939453125)"
153048903079,"(None, None, None, None)","(None, None, None, None)"
153048905782,"(0.9595947265625, 0.20928955078125, 0.16326904296875, -0.09356689453125)","(0.9609375, 0.017822265625, 0.26544189453125, -0.07666015625)"
153048911706,"(0.95965576171875, 0.20916748046875, 0.1629638671875, -0.09344482421875)","(None, None, None, None)"
153048914755,"(0.95965576171875, 0.20916748046875, 0.1629638671875, -0.09344482421875)","(0.9609375, 0.01788330078125, 0.2652587890625, -0.0770263671875)"
153048921179,"(0.959716796875, 0.2088623046875, 0.16265869140625, -0.09381103515625)","(None, None, None, None)"
153048924306,"(None, None, None, None)","(0.9609375, 0.01788330078125, 0.2652587890625, -0.0770263671875)"
153048928856,"(0.959716796875, 0.209228515625, 0.16253662109375, -0.09375)","(None, None, None, None)"
153048932128,"(0.959716796875, 0.209228515625, 0.16253662109375, -0.09375)","(None, None, None, None)"
153048934657,"(0.959716796875, 0.209228515625, 0.16253662109375, -0.09375)","(0.9608154296875, 0.01800537109375, 0.2655029296875, -0.07745361328125)"
153048938839,"(0.959716796875, 0.209228515625, 0.16253662109375, -0.09375)","(0.960693359375, 0.01800537109375, 0.265869140625, -0.077880859375)"
153048943116,"(0.95965576171875, 0.2095947265625, 0.162353515625, -0.09375)","(0.960693359375, 0.01800537109375, 0.265869140625, -0.077880859375)"
153048948261,"(0.959716796875, 0.20941162109375, 0.16204833984375, -0.093994140625)","(None, None, None, None)"
153048952133,"(0.959716796875, 0.20941162109375, 0.16204833984375, -0.093994140625)","(0.96044921875, 0.01806640625, 0.26654052734375, -0.07843017578125)"
153048956663,"(0.959716796875, 0.20941162109375, 0.16204833984375, -0.093994140625)","(0.9603271484375, 0.01788330078125, 0.26702880859375, -0.07806396484375)"
153048962650,"(0.959716796875, 0.2093505859375, 0.162109375, -0.09417724609375)","(None, None, None, None)"
153048965925,"(0.959716796875, 0.2093505859375, 0.162109375, -0.09417724609375)","(0.96038818359375, 0.01788330078125, 0.266845703125, -0.07818603515625)"
153048971988,"(0.9595947265625, 0.209716796875, 0.1622314453125, -0.09417724609375)","(0.96038818359375, 0.01788330078125, 0.266845703125, -0.07818603515625)"
153048977997,"(0.9595947265625, 0.209716796875, 0.1622314453125, -0.09417724609375)","(0.9603271484375, 0.01788330078125, 0.26702880859375, -0.07855224609375)"
153048982152,"(0.95965576171875, 0.20941162109375, 0.1619873046875, -0.0948486328125)","(0.9603271484375, 0.01788330078125, 0.26702880859375, -0.07855224609375)"
153048985837,"(0.95965576171875, 0.20941162109375, 0.1619873046875, -0.0948486328125)","(None, None, None, None)"
153048988518,"(0.95965576171875, 0.20941162109375, 0.1619873046875, -0.0948486328125)","(None, None, None, None)"
153048991677,"(0.95977783203125, 0.2088623046875, 0.16168212890625, -0.0950927734375)","(None, None, None, None)"
153048994618,"(0.95977783203125, 0.2088623046875, 0.16168212890625, -0.0950927734375)","(0.96026611328125, 0.0177001953125, 0.26715087890625, -0.07861328125)"
153049001407,"(0.95989990234375, 0.20855712890625, 0.16143798828125, -0.09527587890625)","(0.96026611328125, 0.0177001953125, 0.26715087890625, -0.07861328125)"
153049006681,"(0.95989990234375, 0.20855712890625, 0.16143798828125, -0.09527587890625)","(None, None, None, None)"
153049012472,"(0.9599609375, 0.20855712890625, 0.1611328125, -0.09503173828125)","(0.96026611328125, 0.0174560546875, 0.26715087890625, -0.07867431640625)"
153049019141,"(0.96014404296875, 0.20782470703125, 0.16070556640625, -0.09527587890625)","(None, None, None, None)"
153049024372,"(0.96014404296875, 0.20782470703125, 0.16070556640625, -0.09527587890625)","(None, None, None, None)"
153049028434,"(0.96014404296875, 0.20782470703125, 0.16070556640625, -0.09527587890625)","(0.9603271484375, 0.01812744140625, 0.26702880859375, -0.07867431640625)"
153049034116,"(0.96026611328125, 0.20745849609375, 0.160400390625, -0.0953369140625)","(0.9603271484375, 0.01812744140625, 0.26702880859375, -0.07867431640625)"
153049038997,"(0.96026611328125, 0.20745849609375, 0.160400390625, -0.0953369140625)","(0.96026611328125, 0.0179443359375, 0.26702880859375, -0.078857421875)"
153049043754,"(0.96026611328125, 0.20745849609375, 0.16046142578125, -0.09564208984375)","(None, None, None, None)"
153049047425,"(0.96026611328125, 0.20745849609375, 0.16046142578125, -0.09564208984375)","(None, None, None, None)"
153049052065,"(0.9600830078125, 0.20745849609375, 0.16094970703125, -0.09613037109375)","(None, None, None, None)"
153049055131,"(0.9600830078125, 0.20745849609375, 0.16094970703125, -0.09613037109375)","(None, None, None, None)"
153049060057,"(0.9600830078125, 0.2073974609375, 0.1610107421875, -0.0966796875)","(0.96038818359375, 0.01727294921875, 0.2666015625, -0.078857421875)"
153049064328,"(0.9600830078125, 0.2073974609375, 0.1610107421875, -0.0966796875)","(None, None, None, None)"
153049068342,"(0.9600830078125, 0.2073974609375, 0.1610107421875, -0.0966796875)","(0.96051025390625, 0.016845703125, 0.2662353515625, -0.0787353515625)"
153049074008,"(0.9599609375, 0.20751953125, 0.16156005859375, -0.09674072265625)","(None, None, None, None)"
153049077242,"(0.9599609375, 0.20751953125, 0.16156005859375, -0.09674072265625)","(0.9605712890625, 0.0167236328125, 0.26611328125, -0.07861328125)"
153049081806,"(0.95989990234375, 0.207275390625, 0.161865234375, -0.0970458984375)","(None, None, None, None)"
153049084368,"(0.95989990234375, 0.207275390625, 0.161865234375, -0.0970458984375)","(0.9605712890625, 0.0167236328125, 0.26611328125, -0.07861328125)"
153049089175,"(0.95989990234375, 0.207275390625, 0.161865234375, -0.0970458984375)","(0.96063232421875, 0.0166015625, 0.26580810546875, -0.07861328125)"
153049094414,"(0.96002197265625, 0.20697021484375, 0.16168212890625, -0.0970458984375)","(0.96063232421875, 0.0166015625, 0.26580810546875, -0.07861328125)"
153049098511,"(0.96002197265625, 0.20697021484375, 0.16168212890625, -0.0970458984375)","(0.9605712890625, 0.0169677734375, 0.26605224609375, -0.0789794921875)"
153049104092,"(None, None, None, None)","(0.9605712890625, 0.0169677734375, 0.26605224609375, -0.0789794921875)"
153049108606,"(0.96002197265625, 0.20684814453125, 0.16168212890625, -0.09698486328125)","(0.96051025390625, 0.0169677734375, 0.26629638671875, -0.07916259765625)"
153049114072,"(0.96014404296875, 0.20611572265625, 0.16162109375, -0.097412109375)","(0.96051025390625, 0.0169677734375, 0.26629638671875, -0.07916259765625)"
153049121538,"(0.960205078125, 0.2060546875, 0.16168212890625, -0.0970458984375)","(None, None, None, None)"
153049124091,"(0.960205078125, 0.2060546875, 0.16168212890625, -0.0970458984375)","(None, None, None, None)"
153049127614,"(0.960205078125, 0.2060546875, 0.16168212890625, -0.0970458984375)","(None, None, None, None)"
153049130665,"(0.960205078125, 0.2064208984375, 0.161376953125, -0.096923828125)","(0.960693359375, 0.01708984375, 0.2657470703125, -0.0787353515625)"
153049135328,"(0.960205078125, 0.2064208984375, 0.161376953125, -0.096923828125)","(0.960693359375, 0.01708984375, 0.2657470703125, -0.0787353515625)"
153049139208,"(0.960205078125, 0.2064208984375, 0.161376953125, -0.096923828125)","(None, None, None, None)"
153049141691,"(0.960205078125, 0.20654296875, 0.1610107421875, -0.09686279296875)","(0.9605712890625, 0.0174560546875, 0.26593017578125, -0.07891845703125)"
153049145991,"(0.960205078125, 0.20654296875, 0.1610107421875, -0.09686279296875)","(0.9605712890625, 0.0174560546875, 0.26593017578125, -0.07891845703125)"
153049149896,"(0.9603271484375, 0.20654296875, 0.16064453125, -0.0966796875)","(None, None, None, None)"
153049154236,"(0.9603271484375, 0.20654296875, 0.16064453125, -0.0966796875)","(0.96063232421875, 0.0174560546875, 0.2657470703125, -0.07891845703125)"
153049160682,"(0.9603271484375, 0.206787109375, 0.16033935546875, -0.0963134765625)","(None, None, None, None)"
153049168371,"(0.96026611328125, 0.20684814453125, 0.16064453125, -0.096435546875)","(None, None, None, None)"
153049175741,"(0.96026611328125, 0.20684814453125, 0.16064453125, -0.096435546875)","(None, None, None, None)"
153049181428,"(0.96026611328125, 0.20684814453125, 0.1607666015625, -0.09625244140625)","(0.9609375, 0.016845703125, 0.26495361328125, -0.07855224609375)"
153049186881,"(0.96026611328125, 0.20684814453125, 0.1607666015625, -0.09625244140625)","(0.96087646484375, 0.01690673828125, 0.26513671875, -0.07855224609375)"
153049193160,"(0.960205078125, 0.20672607421875, 0.16094970703125, -0.0965576171875)","(None, None, None, None)"
153049197620,"(0.960205078125, 0.20672607421875, 0.16094970703125, -0.0965576171875)","(0.9608154296875, 0.0167236328125, 0.26531982421875, -0.0787353515625)"
153049205217,"(0.96026611328125, 0.2066650390625, 0.16094970703125, -0.09649658203125)","(None, None, None, None)"
